12.221,1.9048,12.368
14.363,32.364,14.556
6.3264,71.883,13.462
10.181,78.853,15.097
10.64,184.14,11.418
13.364,231.79,15.683
5.2749,308.78,10.242
5.7067,328.86,5.819
7.962,330.99,16.115
2.4327,379.67,5.2641
2.4847,393.94,4.6619
10.338,398.24,12.351
3.4347,422.29,4.1257
8.0751,433.83,8.1598
1.5998,450.07,1.6013
12.26,463.73,12.325
3.8981,486.47,7.5546
13.039,501.75,15.429
12.795,530.26,13.836
13.541,562.64,15.413
5.0658,579.46,7.506
9.7367,650.28,13.755
7.6276,747.26,14.443
5.2609,778.14,14.153
9.3371,776.88,9.8434
4.6665,818.55,7.9636
13.573,833.42,15.085
9.0426,866.67,9.635
13.933,922.33,15.743
0.56608,988.7,13.711
2.0483,1006.6,2.6
7.4126,1030.7,13.038
0.45811,1042.5,7.5143
13.571,1074.3,16.432
12.082,1077.3,12.39
14.68,1102.5,16.488
0.89428,1124.4,1.0976
14.595,1158,18.898
6.4859,1183.7,6.6056
9.8529,1225.6,10.782
0.23231,1242.5,2.5183
14.274,1275.8,14.296
6.2662,1309.5,7.7273
9.9951,1330.5,14.476
0.48901,1363.2,13.237
2.3461,1370.3,9.952
12.366,1429,16.519
10.439,1505.4,14.167
6.1143,1555.8,12.389
6.8614,1612.8,10.366
9.5656,1623.6,10.224
4.336,1624.6,11.293
5.1669,1654.9,11.372
4.8371,1702.9,8.5666
2.6381,1717.9,7.5764
5.1169,1742.9,5.8698
3.6427,1759,5.4368
10.25,1791.4,12.077
9.7143,1809.5,13.613
3.134,1811.5,4.7306
12.629,1863.8,13.202
8.7337,1862,15.702
7.1919,1913.2,10.885
8.1583,1927.8,11.313
9.4184,1979,16.867
7.8811,1982.1,15.132
5.9018,2021.1,12.588
0.66681,2036.4,3.7023
10.251,2063.4,12.211
4.9135,2151.6,8.2118
7.7164,2166.2,11.719
12.761,2263.9,18.902
8.7419,2278.2,15.82
0.0078356,2289.2,9.1885
7.4714,2318.6,11.407
11.08,2328.7,11.681
1.2522,2349.9,9.9929
13.361,2366.5,17.652
13.925,2369.7,13.927
8.2844,2400.5,8.2983
0.63979,2449.2,4.2761
14.766,2576.8,18.891
7.006,2610.4,7.0162
8.3855,2619.8,9.8765
10.604,2665.7,11.449
6.9726,2672.7,14.115
11.183,2736.6,14.003
13.577,2866.6,13.675
0.72671,2904.1,9.0811
10.946,2898.3,16.037
10.388,2919.1,11.97
13.357,2959,17.313
1.7624,3019.9,5.2376
11.237,3018.9,15.795
11.024,3032,17.048
3.4343,3097.7,8.0378
1.6843,3154.4,4.6867
6.4896,3181.6,6.6952
6.3466,3280.8,12.565
1.6323,3283.1,2.503
13.394,3321.7,15.776
1.1099,3396,6.137
6.0328,3402.7,6.4619
2.417,3406.9,13.288
11.39,3513.8,15.943
13.416,3559.5,17.061
14.302,3574.8,17.564
12.138,3601.8,12.271
4.8875,3609,7.7257
9.8055,3647.5,10.108
11.92,3653.4,13.625
10.068,3680.4,13.933
5.8614,3709.8,7.5517
11.836,3727.6,14.058
9.7868,3759.2,11.381
5.5554,3806,12.335
2.6528,3814,4.7829
13.659,3881.2,17.656
5.7496,3893.6,10.372
12.067,3915.4,12.075
1.3062,3915.2,14.895
8.0121,3973.5,15.686
1.6041,3975.9,14.186
6.1594,4019.2,15.463
14.825,4025.1,15.661
6.1739,4061.3,12.84
8.2769,4057.3,11.289
10.794,4085.3,12.033
5.1967,4088.2,8.5746
11.743,4125.1,11.744
13.835,4139.4,13.85
10.565,4151.6,11.088
2.6569,4196.5,11.807
2.8987,4213.5,3.2575
8.3594,4225.3,9.5799
7.2848,4287.9,7.5713
13.91,4315.7,17.552
5.1493,4321.9,5.4789
9.6972,4341,11.39
8.8591,4439.3,8.8878
4.2226,4472.1,4.7011
2.079,4490.5,5.8727
6.7417,4515.6,6.7714
2.8381,4538.8,9.2431
5.4153,4532.8,13.318
1.2581,4550.2,9.8509
8.1736,4621.6,15.7
10.826,4656.3,13.912
13.841,4684.3,14.491
14.772,4682.4,19.405
7.0594,4714,8.1319
7.5583,4720.4,8.8565
4.5123,4755.3,15.39
12.012,4794,14.988
14.156,4810.9,17.882
5.5847,4842.4,13.639
5.588,4858.1,14.231
6.1009,4889,15.277
7.2682,4896.3,9.5896
14.82,4899.2,15.926
3.7003,4933.2,13.75
8.3743,4937.2,8.6669
4.2508,4982.6,13.107
1257.5,12.516,14.575
1241.4,21.846,11.009
1263.3,30.279,13.269
1243.4,46.756,6.8079
1245.1,54.859,7.0832
1258.2,69.063,10.122
1257.7,104.26,16.224
1256,102.98,6.3305
1248.7,115.14,5.0248
1250.2,133.57,1.4413
1259.5,164.61,17.412
1265,157.27,16.834
1243.5,181.07,6.5375
1249,182.6,12.437
1259.2,223.29,16.168
1247.1,238.47,13.769
1257.6,252.29,14.429
1247,261.42,7.0984
1259.3,259.2,14.255
1257.8,287.35,8.1024
1239.6,312.54,16.309
1244.6,320.8,7.9219
1239,340.41,15.153
1261.8,343.36,11.877
1241.1,359.24,8.8957
1237.5,362.04,18.012
1260,393.27,10.555
1251.8,396.01,9.1786
1249.2,419.71,0.89493
1262.5,442.8,14.721
1251.5,451.62,2.1847
1252.1,465.07,2.1484
1262.7,494.8,19.525
1245.9,502.62,8.6374
1238.6,519.92,15.147
1252.6,516.14,9.2214
1264.1,546.78,15.671
1258,544.8,12.957
1253.6,557,13.49
1248.3,580.5,4.8092
1237.5,594.15,13.803
1247.9,613.7,2.4742
1246.1,623.63,7.4503
1257.4,648.65,8.2761
1248.9,659.95,1.1125
1250,672.86,2.1373
1247.4,698.98,9.3585
1235.9,697.76,15.842
1242.1,718.97,7.9233
1247.4,720.68,14.556
1264.4,750.11,14.424
1260.6,756.72,13.445
1238.4,785.56,12.852
1237.2,799.77,13.703
1263.7,801.13,16.283
1237.2,811.43,18.648
1258,837.31,8.4271
1247.2,861.06,6.6802
1250.7,865.88,4.1865
1246.4,899.35,14.803
1262.3,897.36,12.561
1247.2,919.75,5.5269
1259.4,923.41,11.46
1257.5,956.44,13.69
1261.2,961.85,11.366
1244.8,972.78,5.6614
1239.9,979.58,14.498
1250.1,1009.2,4.1934
1236.4,1020.4,13.602
1262.6,1034.1,12.587
1258.7,1060.8,13.885
1239.1,1056.3,13.964
1250.9,1084.3,4.359
1235.6,1092.1,14.72
1236,1105.9,14.581
1244,1123,6.2729
1251.4,1140.2,1.3825
1238.2,1161.7,13.619
1249.1,1160.4,9.6787
1262.6,1197.7,17.856
1254.2,1203.6,5.489
1259.3,1212.4,9.6574
1253.8,1243.7,14.192
1239.1,1253.6,13.892
1256.1,1258.7,6.2063
1242.3,1285.9,13.317
1257.9,1302.9,15.132
1245.2,1293.7,12.249
1248.4,1327.9,8.0399
1239.3,1339.4,11.518
1263.7,1346.2,14.201
1262.6,1350.8,18.983
1241.2,1367.6,15.201
1243.4,1407.4,14.064
1246.9,1412,3.7049
1241.4,1422.8,8.8466
1263.6,1439.5,13.63
1237.9,1460.7,13.371
1255.5,1480.7,11.992
1254.9,1470.4,15.431
1241.2,1495.4,9.9516
1261.4,1517.8,11.721
1252.9,1518,12.387
1239.1,1532.9,16.334
1251.1,1546.3,13.697
1256.5,1575.6,6.5121
1261.5,1587.2,11.782
1257.8,1617.8,14.992
1239.8,1606,17.332
1246.5,1645.6,11.133
1261.3,1664.4,18.364
1235.5,1664.2,14.479
1258.7,1693.5,16.077
1256.5,1684.3,12.497
1238,1702.8,13.994
1255.5,1722.5,6.093
1247,1744.9,5.7338
1242.9,1757.7,7.5607
1256.1,1760.8,11.07
1263.2,1792,14.892
1236.5,1805,14.38
1263.5,1820.7,14.667
1264.3,1821.9,16.446
1248.9,1843.6,1.7571
1250.1,1850.4,9.6421
1249.5,1868.2,6.8397
1250.1,1895.3,5.3133
1243.5,1904.3,6.5913
1251.4,1923.6,3.8658
1262.9,1927.7,14.802
1253.4,1938.6,11.925
1256.9,1951.2,15.401
1260.7,1986.5,12.549
1244.1,2004.5,11.181
1254.9,2025,15.779
1248.1,2025.4,1.9382
1248.3,2053.3,13.365
1244.5,2061.6,8.6246
1248.1,2057.1,12.987
1260.4,2080.8,11.211
1260.3,2109.2,13.77
1252.9,2109.8,5.9494
1252.3,2139.4,9.6605
1237.9,2130.7,18.688
1261.3,2147.5,16.844
1256.9,2189,15.575
1263.4,2198.7,16.025
1250.5,2198.9,6.1383
1238.8,2222.2,11.398
1246.2,2229,7.134
1255.8,2247.5,6.3106
1248.6,2253.5,11.631
1261.1,2292.4,16.617
1245.6,2287.2,8.9953
1262.5,2301.6,15.017
1239.8,2318.2,12.292
1258.1,2351.3,13.914
1253.5,2355.8,3.6053
1259,2384.8,17.358
1243.9,2376.9,10.176
1246.7,2401.4,3.5903
1261.2,2420.1,12.32
1258.3,2416.6,15.75
1241.8,2454.3,12.428
1238.8,2447.7,16.654
1256.2,2463.3,13.267
1261.2,2486.4,11.751
1246.6,2509.3,5.4719
1250.8,2522.4,2.5618
1252.5,2520,15.199
1249.3,2544,6.0092
1253.4,2575.2,10.811
1256.6,2580.1,6.5702
1238,2609,18.44
1262.4,2598.1,17.176
1246.6,2633.8,9.3867
1245.6,2652.9,13.645
1235.1,2667.4,19.365
1246.3,2676,7.0554
1238,2697.3,17.205
1244.7,2708.6,10.097
1261.1,2709.2,12.574
1264.3,2717.3,19.19
1259.3,2730.5,17.205
1257.5,2761.4,7.6283
1236.7,2763.3,17.705
1240.7,2796.7,11.451
1247.1,2797.8,7.824
1262,2817.6,12.213
1239.5,2849.6,18.008
1259.7,2856,11.383
1264.8,2879,20.36
1257.3,2866.7,15.166
1255.9,2901,8.4614
1263.5,2900.2,16.697
1250.5,2933.5,8.5244
1261.2,2932.2,13.67
1264.4,2955.5,14.437
1242.2,2956.6,15.46
1246.6,2980.3,5.7985
1240.2,2995.9,10.617
1236.8,3026.3,17.402
1238.3,3044.7,18.801
1249.2,3049.9,4.9435
1253.5,3069,9.6844
1243.3,3067.3,10.23
1248.4,3096.8,6.9547
1262.1,3091.9,17.808
1246.7,3134.4,14.751
1243.2,3135.9,6.8358
1242.4,3143.6,9.9424
1238.7,3150.9,18.075
1262.4,3188.1,14.831
1239.1,3181.8,17.09
1245.6,3196.1,14.579
1258.7,3234.8,13.092
1250.8,3247.9,7.9781
1253.2,3265.5,11.009
1243.3,3270.9,6.7234
1261.9,3290.2,13.018
1257.8,3298.9,7.8806
1261.6,3303.3,16.521
1252.3,3318.2,11.991
1246.6,3357.4,12.904
1258.6,3364.3,9.5752
1238.1,3368.3,13.691
1254.2,3403.6,14.186
1238.8,3394.7,15.252
1248.1,3422.2,2.8654
1251.1,3445.8,10.899
1257.4,3463.4,15.26
1254.2,3464.5,4.2682
1235.4,3475.4,15.314
1236.3,3500,14.612
1257.5,3518.7,11.519
1250.4,3525.5,0.65195
1255.1,3543.7,6.2954
1235.9,3554.2,14.088
1260.2,3571.7,10.364
1240.7,3584,9.3258
1238.2,3596.4,12.36
1251.6,3625.5,10.59
1259.8,3634.9,10.917
1248.2,3645.3,1.7882
1235.4,3667,16.156
1254.4,3666.6,9.4357
1254,3703.5,14.059
1256.1,3708.8,7.2055
1235.7,3723.8,14.804
1249,3726.1,8.9332
1259.5,3757.5,12.15
1238.1,3756,14.959
1257.7,3766.2,15.831
1254.2,3808.8,14.376
1235.4,3808.3,14.708
1244.1,3829.7,7.5622
1248.6,3835.6,4.6372
1251.6,3850.8,4.5269
1250,3878.3,8.2622
1250.6,3887,2.0643
1262,3902.1,12.182
1243.9,3923.6,10.552
1253.2,3915.2,15.182
1239.6,3944.5,10.436
1238,3961.2,12.086
1255.5,3982.9,9.6037
1237.7,3991.9,12.393
1240.4,4018.4,16.498
1258.2,4031.4,14.029
1244.3,4024,12.416
1237.4,4037.6,17.692
1251.9,4065.7,2.0522
1239,4085.7,12.394
1244,4092.6,6.4305
1254.7,4106.3,5.9935
1256.1,4127.2,6.5005
1248.8,4140.5,1.328
1239.5,4165.2,14.638
1262.8,4156.5,18.595
1244.6,4188.8,6.6029
1243,4206.5,9.5319
1244,4227.8,14.191
1244.4,4233.3,6.4955
1256.5,4246.1,6.5867
1239.8,4247.1,16.425
1259.1,4272.6,9.4299
1261.6,4283.7,13.184
1241.2,4315.9,14.023
1253.8,4331.4,11.99
1249,4346.1,11.104
1261.7,4356.4,13.288
1262.8,4357.1,15.049
1239.4,4388.5,13.565
1262.6,4409.1,18.928
1250,4408.7,1.3122
1249.7,4430.1,5.1274
1236.1,4445.1,14.789
1244.9,4462.6,9.1707
1255.8,4460.6,11.043
1257.1,4483.7,7.2138
1256.7,4486.8,14.774
1256.6,4522,9.6079
1243,4522.7,10.121
1248.7,4531.7,13.388
1262.9,4573.1,18.397
1247.9,4589.7,14.857
1236.6,4590.2,13.448
1253.5,4615.9,11.414
1241.2,4616.3,9.5553
1250.2,4620.6,14.37
1250.5,4646.3,3.7424
1237.8,4651.8,17.989
1255.3,4688.8,10.248
1240.3,4697.1,9.9439
1253.6,4697.1,13.362
1235.4,4737.5,19.226
1250.7,4725.9,14.167
1262.1,4766.8,16.93
1249.3,4760.2,9.83
1264.6,4776.5,16.897
1253.8,4806.7,7.725
1251.5,4815.4,1.5322
1263.5,4828.2,13.619
1260.6,4845.5,10.604
1235.6,4850.4,17.256
1253.2,4864.2,11.322
1241.3,4888.6,8.845
1242.6,4899.9,8.9581
1247.4,4909.5,10.774
1240,4928.5,11.922
1252.9,4954,4.968
1264.2,4975.2,17.454
1261.6,4965.8,18.37
1254,4983.4,12.264
2494.3,7.9152,9.1208
2514.6,17.305,19.376
2506.9,59.868,16.404
2513.9,68.511,16.283
2512.4,65.305,15.715
2507.1,89.777,7.1521
2507.1,105.9,7.13
2486.7,113.43,14.873
2514.8,131.19,15.261
2508.2,162.56,14.982
2503.1,151.88,13.475
2512.8,176.73,13.254
2507.1,187.96,10.009
2492.5,211.98,7.7979
2491,212.03,15.814
2506.9,234.92,8.5442
2507.9,243.32,14.1
2495.8,257.03,13.628
2503.6,292.19,8.041
2514,310.63,17.597
2486.5,309.96,14.406
2512.4,324.51,13.582
2492,343.97,8.0878
2499,358.15,2.1157
2486.5,376.8,13.604
2486.9,389.37,13.141
2501.1,411.85,6.9436
2510.5,429.43,14.105
2509.9,427.99,12.161
2501,454.62,4.7315
2509.8,475.73,14.52
2492.7,465.96,15.833
2498.2,505.27,10.423
2485.4,521.41,18.489
2506,532.43,9.5816
2488.8,541.34,11.236
2505.8,552.31,6.4334
2513.6,585,20.23
2500.6,599.96,14.974
2486.9,614.81,19.776
2491.5,620.07,9.865
2499.8,643.84,13.842
2492.9,649.63,8.4857
2514.7,645.11,20.944
2493.6,677.9,7.0173
2510.9,702.44,16.537
2491.7,696.18,12.095
2500.8,710.87,9.1619
2506.1,726.67,10.321
2497.5,743.73,6.7664
2502.4,764.73,2.4131
2514.3,779.54,14.289
2487.1,807.51,18.002
2490.6,815.7,11.021
2489.8,815.52,13.929
2508.6,827.25,15.359
2489.8,840.2,17.999
2503.8,871.27,3.9624
2512,882.88,12.196
2494.7,891.19,10.259
2513.6,917.44,13.798
2514,919.71,17.351
2503.9,941.27,5.4011
2513.7,971.92,18.13
2502.7,984.41,9.7802
2490,1001.1,14.913
2491,991.16,16.508
2492.1,1025.7,9.7473
2503.7,1024.3,11.299
2496.3,1038.5,12.099
2510.3,1076.2,15.202
2494.2,1093.2,14.367
2493.1,1086.5,10.931
2492,1114.7,9.2683
2507.7,1128.1,8.3225
2500.8,1150.2,10.209
2501.4,1162.6,7.7716
2495.3,1157.2,13.612
2505.6,1200,15.962
2485.1,1206,16.012
2501,1221.3,6.3801
2494.3,1244.8,15.849
2493.8,1256,12.642
2498.9,1245.3,14.766
2499.7,1277.1,2.1397
2507,1282.6,10.19
2486.5,1309,14.056
2492.9,1329.8,12.152
2490.7,1331.9,9.8021
2500.4,1340.8,9.1605
2492.2,1352.1,15.102
2508.2,1369.8,13.105
2498.8,1395.7,1.3755
2500.6,1421.1,11.15
2492.3,1428.9,8.6315
2485.1,1428.7,18.696
2491,1444,14.154
2498.6,1460.4,9.7059
2506.8,1472.6,14.143
2506,1489.5,12.119
2488.6,1510.8,12.133
2494.4,1525.4,7.2406
2503.6,1532.1,13.406
2507.2,1552.7,10.279
2485.2,1562.1,19.684
2505,1580.3,10.873
2514.3,1608.8,14.773
2513.7,1612.8,15.523
2495.3,1623.7,12.236
2494.7,1636.7,14.316
2487.3,1661.2,13.206
2489.1,1683.2,11.407
2491.1,1709.5,17.026
2497.1,1720.7,11.05
2498.2,1734,9.1467
2492.3,1750.3,12.915
2486.9,1749.7,14.141
2508.4,1774.5,9.5396
2511.9,1779.7,13.045
2510.6,1797.6,10.906
2486.3,1827.8,18.728
2497.2,1830.8,2.9169
2511.7,1845.4,11.666
2492.5,1862.6,7.9539
2508.6,1872.7,8.9291
2502.2,1884.9,5.5089
2500.1,1912.5,7.4617
2513.1,1910,16.465
2508.3,1943.9,12.17
2514.8,1946.8,15.112
2493.2,1972.1,9.8123
2496.3,1986.5,7.4716
2487.6,2000.7,13.623
2511.1,2024.2,18.034
2488.1,2012.3,17.417
2511.1,2032.2,13.575
2496.9,2053.3,3.5244
2495.1,2082.3,13.218
2507.8,2086.8,8.0223
2494.8,2108.6,10.066
2503,2101.5,13.851
2495.5,2143.3,14.078
2504.2,2136.4,9.5635
2500.2,2152.4,7.6044
2499,2171.5,3.6463
2487.8,2189.2,12.233
2488.4,2191.3,17.955
2495.1,2208.5,12.526
2485.7,2239.3,14.884
2502.1,2260.8,11.025
2511,2258.9,12.567
2492.2,2292.6,14.856
2512.2,2288,14.122
2510.3,2321.5,15.484
2510.6,2313.7,15.483
2487,2325.5,19.48
2491.8,2356.6,8.3603
2509.2,2378.5,12.529
2508.7,2398.1,15.676
2488.2,2387.6,17.163
2485.4,2416.1,14.683
2512.5,2434.9,13.398
2491.9,2457.3,14.723
2501.1,2456.5,3.705
2504,2489.9,15.463
2510.6,2500.3,14.761
2505.7,2499.6,7.8943
2494.5,2527.6,9.3599
2496.9,2526.4,9.1516
2503.9,2536.8,13.75
2493.4,2573.4,10.729
2488.5,2571.2,14.504
2512.9,2589.7,13.963
2503.8,2605.5,5.873
2505.4,2635.6,11.895
2499.9,2626.5,13.523
2491,2653.1,9.1505
2512.3,2657.1,17.822
2494.9,2689.8,6.956
2508.2,2687.4,15.07
2486.5,2726.2,17.562
2489.2,2736.7,12.67
2508,2755.2,12.91
2508,2761,8.0312
2495.8,2764.7,11.108
2490.9,2776.8,16.056
2501.5,2802.7,2.7604
2497.7,2826.8,7.2047
2512.5,2824.3,16.425
2510.6,2842.4,13.059
2488.2,2861.5,12.357
2509.3,2878.2,9.4711
2504.3,2901.2,7.5014
2486,2910.8,14.049
2488.8,2917.6,13.433
2485.9,2931.9,16.252
2498.6,2967.3,12.377
2502.9,2980.3,10.676
2485.1,2978.6,16.161
2491.2,2990.1,13.216
2508.4,3022.3,11.105
2503.2,3024.3,6.5485
2494.3,3048.6,6.7205
2492.2,3063.3,8.497
2487.1,3084.2,15.875
2514.3,3084.2,15.442
2488,3102.6,12.186
2512.7,3128.8,15.46
2491.4,3147.1,14.893
2492.8,3146.1,8.1737
2496.6,3162.5,4.2513
2503,3192.4,12.707
2512,3207.9,17.635
2503.1,3211.4,3.3641
2496.8,3219.9,6.0316
2507.6,3245.9,9.635
2509.1,3261,10.911
2513.8,3274.3,14.457
2502.1,3294.2,9.4073
2505.8,3286.7,14.498
2502.1,3308.7,6.6573
2514.4,3315.3,20.58
2498.6,3352.5,7.6416
2485.4,3366,15.836
2503.9,3389.5,14.984
2504.5,3390,4.4877
2493.9,3390.7,15.495
2495.7,3411.3,9.7405
2501.1,3430.7,4.4426
2510.9,3455.2,12.06
2485.7,3476.5,18.368
2513.8,3490.5,17.347
2494.2,3494.4,5.8028
2490.3,3502.2,12.408
2504.5,3538.4,14.096
2496.9,3526.7,13.685
2514.5,3557.5,14.713
2509.8,3566.2,10.533
2496.5,3594.5,10.126
2503.1,3586.7,13.653
2502.4,3607.9,7.5346
2513.1,3631.5,13.217
2499.5,3659.8,14.838
2505.7,3648.5,12.77
2510.9,3681.9,12.882
2494.9,3696,7.8566
2496.6,3700.1,5.9328
2507.7,3733.6,15.597
2494.3,3745.4,11.86
2486.1,3742.8,15.644
2503.8,3762.1,4.8021
2491.8,3785.7,9.9675
2512.6,3801.3,14.056
2503.2,3820.1,10.625
2494.8,3827.6,5.7966
2492.6,3828.4,13.776
2512.7,3842.3,17.936
2505.7,3877,9.0259
2510.4,3893.2,13.264
2508.6,3887,15.531
2497.3,3903.7,11.591
2514.7,3932.6,14.977
2513.6,3953.6,16.104
2502.6,3951.8,8.6433
2507.4,3978,7.9861
2499.6,3982,8.0047
2491,4007,9.2568
2509.6,4030.1,13.962
2512.6,4032.7,12.836
2487.7,4054.9,13.273
2487.9,4050,19.266
2493.6,4074,8.7628
2506.4,4080.2,16.13
2494.7,4105.6,6.8795
2499.7,4128.7,3.6707
2507.9,4154.6,16.622
2501.8,4163.9,9.0805
2506.4,4171.1,6.455
2490.4,4174.5,14.251
2498.7,4196.3,3.9433
2510.5,4223.2,13.364
2509.5,4239.5,13.416
2513.6,4250,14.536
2506.6,4270.8,12.66
2496.8,4279.1,5.2092
2491.6,4296.5,10.586
2509.8,4302.6,10.102
2492.4,4312.8,10.456
2488.3,4324.3,15.805
2510.9,4357.8,13.41
2503.3,4363.8,3.5001
2500.3,4377.3,2.7082
2502.7,4391.8,4.2074
2511.5,4396.4,17.859
2506.6,4433.5,10.713
2498.1,4440,1.8918
2511.5,4452.9,11.682
2497.7,4482.1,12.34
2510.3,4495.9,15.043
2490.6,4491.4,12.743
2486.4,4520.1,14.508
2507.1,4522,10.687
2489.4,4554.9,14.516
2496.6,4557.5,4.2494
2503,4575.2,3.0506
2500.4,4594.5,4.4805
2512.9,4607.8,13.242
2514.1,4618.4,14.211
2488.8,4633.9,11.249
2512.7,4650.1,12.749
2512.9,4677.7,18.103
2488.8,4672.4,13.549
2512.5,4697.5,12.723
2494.2,4714.1,7.1013
2488.9,4735.6,15.395
2497.4,4749.6,9.9624
2487.2,4753.3,12.917
2505.4,4773.2,6.2927
2490.2,4796.8,15.342
2507.4,4802,7.643
2513.9,4811.1,14.421
2492.2,4837.2,10.632
2509.1,4837.6,11.676
2511.6,4853.4,13.359
2501.3,4865.2,9.9216
2508.4,4888.3,8.5185
2487.8,4918.2,17.972
2499.8,4922.5,2.5244
2498.5,4949,14.081
2505.4,4949,5.509
2499.4,4967.3,2.3285
2506.4,4990.9,12.612
2508.1,4995.1,8.1042
3736.1,12.369,18.609
3735,28.793,20.346
3748.4,41.458,11.566
3748.4,48.286,3.6391
3754.8,63.898,6.187
3752.8,75.475,2.8637
3741.5,93.188,9.0811
3747.8,104.81,2.1901
3757.3,122.12,7.5798
3739.6,142.33,12.697
3751.7,159.58,9.7255
3757.5,158.6,9.8422
3754.4,189.5,10.452
3735.3,204.93,17.71
3742.9,217.13,10.07
3735.6,236.97,18.719
3736.3,235.6,14.373
3757.6,250.76,8.6718
3745,281.06,12.126
3755.7,299.48,15.574
3752,305.75,6.0771
3754.3,306.97,9.1083
3739.7,327.23,10.705
3763.3,343.23,13.393
3751.8,345.76,14.355
3735.2,378.13,15.174
3764.6,389.05,14.631
3747.5,405.78,2.6138
3738.1,432.48,17.244
3740.7,429.61,10.773
3755.1,456.91,8.6018
3757.7,463.54,7.8395
3741.2,470.83,12.742
3758.6,487.5,11.435
3747.8,521.35,11.568
3745.6,530.63,7.1446
3762.6,554.4,19.153
3751.7,547.79,7.4075
3736.5,558.43,17.754
3753.9,587,4.4176
3755.8,590.21,11.369
3745.5,601.22,14.5
3743.4,615.82,15.656
3736.8,650.13,14.194
3755.1,653.2,8.5216
3759,665.26,13.253
3757.4,676.68,15.235
3751.5,716.46,11.556
3748.1,709.86,10.316
3737,737,13.106
3753,738.73,11.67
3750,769.11,4.1075
3741,775.74,9.9761
3763.6,802.58,15.531
3739.2,801.38,13.812
3743.7,824.66,6.3471
3763.9,834.5,14.912
3747.7,849.74,5.731
3738.2,863.03,13.672
3763.3,897.53,18.268
3764.8,903.75,15.228
3739.1,902.25,16.788
3748.1,932.29,2.9549
3742.3,940.34,8.9651
3762.2,953.27,13.956
3762.1,962.22,17.568
3764.6,988.82,14.608
3737.7,1012,14.118
3764.5,1028.6,16.846
3742.6,1030.1,8.896
3741.6,1049,8.4382
3764.2,1075.7,17.763
3765,1082.3,15.145
3742,1099.7,9.2298
3737.5,1119.6,15.78
3746.3,1121.1,5.3945
3742.7,1145.7,9.2389
3743.7,1154.3,6.3496
3746.4,1159.5,11.129
3740.8,1188.7,9.8954
3745.2,1192,9.3604
3763.3,1227.7,18.366
3762.1,1240.7,16.127
3754.8,1231.9,13.955
3742.5,1273.6,15.503
3764.7,1262.4,19.402
3741.8,1299.5,12.548
3742,1293.1,14.349
3736.8,1327.7,15.278
3741.5,1339.8,9.7534
3763.7,1335.8,19.73
3742.3,1373.2,11.21
3752.2,1386,6.3811
3745.4,1391.7,5.6613
3735.7,1408.3,14.359
3746.8,1434.6,10.168
3746.3,1438.6,3.9273
3750.1,1447.8,7.1838
3761.2,1473.9,11.84
3743.3,1497.6,14.26
3740.6,1501.8,9.5764
3745.1,1506.7,9.6129
3739.8,1529.5,10.19
3751.2,1532.3,12.752
3747.5,1566.2,6.7395
3756.1,1588.7,14.977
3744.8,1576.7,14.277
3752,1591.4,13.723
3746.8,1634,14.365
3755.7,1623.1,13.163
3739.6,1664.4,17.741
3747.5,1674.5,9.8194
3757.9,1690.2,12.936
3747.7,1699.7,5.2177
3736.6,1697.9,18.017
3741.8,1738.5,15.78
3737.6,1744.2,13.113
3746.8,1761.5,7.3064
3753.9,1764.6,6.6741
3757.5,1781.1,8.452
3753.7,1804.9,6.1712
3750.2,1809.1,5.87
3756.1,1843.8,15.102
3764.8,1858,19.653
3741.7,1861.9,8.5403
3737,1862.4,18.077
3744.3,1892.3,6.1274
3754.7,1912.5,8.8585
3750.2,1928.6,8.6489
3759.8,1921.5,16.725
3752.9,1949.1,3.0288
3754.5,1966.6,4.7633
3761.7,1976.2,12.341
3740.6,1994.1,9.4331
3756.8,1997.2,14.512
3749.3,2034.6,9.6522
3745.7,2052.3,13.02
3742,2061.2,10.143
3744.9,2075.5,7.5462
3758.5,2077.6,11.261
3742.8,2106.2,9.4504
3761.7,2126.5,16.403
3762.6,2115.3,19.378
3744.1,2141.1,7.0912
3764.6,2157.8,14.783
3739.4,2173.9,10.634
3752.1,2176,14.118
3759.8,2208.8,10.466
3745.6,2221.4,4.6262
3760.7,2244.4,14.194
3749.5,2246.3,3.7817
3736.8,2256,15.979
3752.3,2282.9,3.7371
3755.1,2295.8,5.1316
3757.5,2305.7,8.6618
3751.7,2318.5,6.7083
3760.8,2344.9,11.823
3737.5,2347,14.883
3752.4,2355.9,14.259
3763.5,2378.6,14.944
3746.3,2392,8.8123
3761.6,2404,15.992
3759.1,2428.1,9.2622
3754.7,2430.8,14.901
3750.5,2446.1,13.884
3753.9,2482.7,8.6078
3739.7,2503.1,16.638
3751.4,2491.4,13.718
3757.9,2525.8,9.7509
3761.4,2525.5,14.859
3737.4,2559.5,15.763
3745.9,2556.7,9.249
3751.4,2579.5,1.4413
3750.6,2602.8,7.855
3755.7,2613.8,6.9051
3736.6,2634.4,16.369
3736.6,2640.1,13.418
3746.5,2645.4,10.24
3762.4,2655.8,18.827
3738,2694.4,15.245
3751.3,2686.7,13.391
3753.5,2707.6,8.2252
3753.5,2721.6,9.1262
3759.3,2740.8,10.24
3755.4,2762,5.8007
3745.7,2786.8,12.531
3752.2,2791.9,2.9656
3763.3,2815.2,16.753
3751.9,2832.4,12.548
3747.1,2834.8,2.8714
3748,2858.6,8.8187
3756.3,2878.9,15.246
3758.2,2880.8,8.2094
3745,2882.7,13.32
3747.5,2924.3,14.544
3762.9,2935.2,16.454
3753.9,2926.2,14.328
3751.1,2956.3,1.684
3756.7,2972.5,7.1834
3740.5,2992.1,11.839
3748.3,2990.1,10.04
3764.3,3018.1,14.589
3763.2,3041.3,17.358
3737.4,3042.2,12.942
3749.6,3068.9,8.9573
3763.8,3070.5,14.505
3753.9,3091.8,4.2501
3762.1,3110.1,13.158
3743,3132.4,14.283
3754,3132.2,4.866
3743.8,3152.9,6.8266
3752.7,3160.6,5.203
3736.1,3180,13.878
3760.2,3187.2,12.86
3735,3200.6,17.651
3750.1,3217.4,7.6375
3750.7,3239.3,0.99372
3761.8,3263.8,14.679
3760.9,3280,14.783
3742,3274.9,12.867
3748,3291.8,8.453
3756,3307.2,9.853
3748.7,3336.7,6.8439
3760.6,3331,17.572
3735.7,3374.6,20.408
3746.4,3379.5,5.7654
3748.8,3388,2.2902
3750.9,3406.3,1.5974
3752.6,3412.5,7.9216
3762.5,3420.9,18.795
3740.4,3448.4,9.7376
3744.5,3459.8,7.5684
3744.2,3489.6,11.22
3754,3506.1,11.822
3747.3,3519.2,9.5544
3748.3,3534,9.1225
3737.8,3551,16.42
3743.2,3558.6,7.6886
3749.4,3578.1,8.126
3746.9,3575.3,10.187
3735.2,3609.1,17.331
3737.5,3626.4,16.889
3736.5,3638.2,15.811
3752.9,3652.1,7.7066
3746.1,3664.5,5.9391
3742.9,3686.4,13.446
3750.3,3678,11.977
3740,3691.1,17.184
3752.5,3727.2,7.5921
3735.5,3736.1,14.544
3755.5,3747.2,6.132
3752.3,3760.5,5.0687
3759.8,3768.5,15.08
3752.8,3794.9,2.8485
3759.6,3814.9,10.75
3751.8,3822.7,2.9893
3737.5,3841.1,12.536
3745.9,3844.5,11.271
3747.3,3867,4.081
3754.9,3877,9.3435
3756.6,3908.2,10.513
3737.1,3903.8,17.142
3749.1,3917.7,12.289
3764.6,3950.1,15.446
3763.5,3956.1,14.016
3761.7,3982.4,13.837
3757.1,3997.4,10.255
3738.5,3998.2,13.387
3761.4,4029.7,14.97
3753.3,4021.4,13.968
3739.1,4045.9,11.631
3760,4052.6,15.934
3747.4,4087.1,7.6084
3748,4085.6,9.6145
3752,4117.7,8.0004
3762.1,4117.5,14.274
3751.8,4154.6,14.665
3740.4,4153.9,9.6373
3750.5,4172.2,2.214
3761.8,4190.7,13.131
3745.4,4211.8,12.632
3753.9,4217.4,4.6153
3746.7,4231.1,3.5119
3762.3,4256.4,16.727
3757,4266.3,9.4407
3750,4266.4,8.5529
3741.6,4292.4,8.6963
3760.3,4299.8,11.519
3744.8,4333.9,14.844
3754.3,4346.5,12.277
3763.5,4349,13.569
3737,4374.9,16.384
3753.7,4376.6,5.0681
3738.5,4389.1,12.923
3753.1,4396.3,14.059
3761.2,4438.6,17.629
3751.8,4452.3,12.46
3764.3,4440.5,20.371
3743.4,4468,6.8641
3762.1,4499.2,18.622
3743.9,4496.6,7.0272
3746,4508.5,7.6232
3748,4522.4,7.863
3739.7,4551.5,12.173
3762.2,4571.8,17.024
3758.3,4573.5,8.4564
3740.8,4578.5,14.753
3749.4,4613.3,8.3665
3760.3,4628.4,13.31
3736.9,4628.1,14.824
3761.4,4655.4,12.561
3748.4,4674,9.1081
3758.7,4689.5,12.911
3746.1,4684,11.649
3745.8,4718.2,9.2215
3761.8,4736.8,16.712
3752.7,4739.3,2.7905
3750.1,4768.6,13.573
3752.3,4761.5,8.8295
3754.9,4776.7,9.6144
3744.3,4791.3,10.363
3758.7,4816.6,8.8108
3764.6,4819.2,18.124
3743.1,4839.2,8.99
3754.3,4866.8,8.0174
3738.1,4874,11.897
3740.4,4876.4,16.612
3752.3,4919.1,14.245
3744.1,4932.7,14.029
3744.3,4937.7,6.2768
3747.2,4943.1,7.4652
3745.2,4961.5,5.9411
3740.1,4968,15.573
3754.9,4983.8,12.225
4998.2,9.4111,9.5749
4992.3,25.715,13.166
4996.6,77.085,4.031
4985.5,75.099,20.824
4997.9,113.44,8.6867
4991.9,117.61,8.4683
4989.5,162.06,15.995
4991.8,176.77,14.359
4991.4,169.18,13.798
4994.7,313.44,14.453
4988.8,308.2,13.135
4999.1,377.57,2.7088
4999.6,379.82,10.186
4996.5,402.41,4.3879
4988,431.63,16.726
4998.1,466.92,2.7121
4994.5,497.81,6.1816
4996.2,510.23,3.8338
4994.6,531.89,9.7393
4999.1,559.16,10.872
4990,576.02,13.445
4993.5,596.56,7.3924
4992.3,620.19,9.2625
4993.8,624.15,8.5276
4987.6,657.33,17.47
4999.2,651.16,8.8741
4997,686.7,12.076
4989.4,704.78,10.611
4991.1,706.1,16.486
4995.3,755.56,10.568
4989.9,784.58,11.1
4990.3,864.61,13.652
4997,936.72,8.8058
4988.7,954.23,12.646
4999.2,981.93,8.1113
4994.8,1075.2,11.454
4993.1,1075.8,8.0911
4993.3,1101,8.9586
4998.6,1136.8,11.869
4993,1138,7.2685
4997.5,1156.6,2.9936
4985.4,1159.4,18.016
4998.6,1273.3,13.378
4989.7,1277.1,10.484
4986.8,1277.5,18.225
5000,1319.3,0.72715
4996.2,1350.5,14.982
4992.2,1388.5,11.547
4990.3,1411.2,9.774
4987.2,1482,17.485
4994.2,1523.7,10.476
4995.6,1540.6,6.2521
4997.3,1600.1,5.6181
4986,1625.7,15.091
4999,1645.9,10.903
4992.1,1663.8,8.0137
4999.5,1688.4,8.3805
4994.2,1729.9,7.5534
4995.6,1745.2,6.8592
4986.2,1781.1,14.321
4998,1858.4,13.553
4995.6,1872,5.3176
4991.1,1899.3,12.914
4986,1911,16.631
4987.4,1940.7,15.67
4995.7,1975.5,11.384
4996.3,1980.6,14.907
4991.9,2003.5,10.361
4997.8,2051.3,4.2996
4996.5,2055.7,14.703
4995.5,2089.5,6.3595
4994.6,2090.7,10.716
4994.6,2102,14.101
4990.1,2159.4,17.49
4991.5,2216.2,9.3097
4996.2,2245.5,5.8758
4992.1,2271.1,10.014
4986.2,2271.1,16.401
4997.9,2326.9,13.312
4992.7,2347.3,10.646
4991.6,2413.4,8.5285
4999.1,2418.3,11.726
4986.1,2540,14.773
4986,2558.7,15.313
4991,2579,9.0222
4998.5,2589.4,5.7597
4993.9,2628,6.8155
4991,2626.5,16.201
4999.1,2670,15.002
4990.8,2665.2,10.419
4991.3,2699.1,8.7102
4987.6,2744.7,19.246
4985.7,2767.7,16.264
4986.3,2786.6,14.094
4995.9,2814.4,10.268
4992.2,2831.5,8.5061
4992.4,2872.4,10.584
4987,2882.6,17.906
4985.9,2924.4,20.136
4999.1,2927.8,12.225
4990.9,2965,10.372
4996.3,2980.9,5.4712
4988.3,3055.8,12.403
4986.9,3080.1,16.384
4990.7,3119.5,17.243
4994.2,3132.9,14.092
4989.4,3195,10.564
4998.2,3240.6,1.8387
4988.9,3248.6,12.774
4997.9,3326.5,11.653
4988.7,3340.1,15.163
4994.6,3349.3,12.004
4985.2,3375.6,14.815
4991.2,3397.4,11.587
4999.2,3429.5,9.5009
4994.5,3506,6.7983
4996.7,3594.4,9.934
4987.5,3597,12.877
4994.3,3616,5.7562
4998.5,3730.1,10.189
4994.4,3740.8,8.0838
4986.7,3757.8,15.106
4998,3781.2,2.3146
4988.8,3847.7,13.574
4988.7,3860.6,14.693
4991.1,3897,9.3576
4999.4,3911.5,3.496
4996.3,3951,7.0623
4985.6,3978,18.745
4999.8,4000.1,4.9359
4999.7,4026.7,6.6653
4995.4,4092.2,5.439
4995.7,4118,9.1138
4987,4164.5,16.061
4999.7,4164.3,5.6595
4996.6,4209.6,6.445
4994.9,4223.2,8.4545
4994.4,4273.9,5.7587
4993.1,4304.9,6.9061
4990.3,4330.2,10.812
4989.9,4379.2,17.485
4996.9,4371.5,9.0376
4998.9,4395.7,1.3005
4990.9,4430.2,10.479
4990.6,4427.8,15.385
4995.4,4477.8,9.0531
4997.7,4508.3,8.6062
4997.6,4521,6.4444
4993,4581,11.46
4986.6,4665,20.114
4995,4702.6,8.9479
4987.6,4735.2,16.043
4986,4751.9,14.392
4988.4,4761,14.74
4998.7,4788.5,3.7033
4985.9,4791.1,16.637
4986.5,4850.1,14.379
4998.7,4862.8,3.0982
4991.8,4891.4,8.3525
4994.4,4908.3,13.01
4989.1,4995.5,10.879
11.555,10.604,15.683
82.273,12.654,14.827
115.37,9.3516,13.96
123.56,10.374,15.441
215.51,8.6475,12.841
230.76,12.574,15.603
262.07,12.419,14.733
289.11,1.5233,4.3797
305.21,4.4295,6.8392
309.09,3.1044,6.6727
335.96,6.1559,10.94
366.44,5.5962,8.5289
366.17,6.1859,10.781
410.36,7.5375,9.2471
440.22,10.409,14.28
474.83,3.378,6.1768
495.89,5.0097,14.971
532.56,5.6869,9.4591
576.22,9.8656,11.665
584.86,11.459,11.459
622.65,7.8368,10.949
641.55,8.2746,8.9646
703.37,14.08,19.419
730.37,5.9913,11.979
753.44,10.341,10.898
774.85,8.707,13.15
832.8,5.0432,9.2872
853.46,14.577,14.658
860.11,0.29733,9.8962
916.23,1.1958,13.819
932.52,11.698,17.103
981.53,13.084,15.588
1010.1,14.322,15.194
1094,5.6289,15.116
1096.8,8.6904,8.8813
1102.7,2.162,7.66
1137,7.074,13.961
1166.2,4.046,11.94
1159.6,3.6881,11.078
1211.6,13.015,17.409
1247.7,14.103,14.364
1296.2,6.6818,11.056
1326.9,14.943,16.471
1358.7,5.4716,10.246
1387.9,4.4966,9.115
1401.6,14.792,16.179
1492.4,14.325,16.117
1501.2,14.617,14.666
1588.2,13.4,13.516
1635.7,11.716,11.736
1694.1,5.7849,15.279
1705.1,6.5914,12.079
1742.1,5.4007,5.7801
1784.2,2.603,14.427
1789.4,1.2208,4.5887
1818.2,5.7277,6.5816
1845,12.361,12.361
1867.4,2.2725,7.9385
1875.1,12.402,19.379
1920.3,8.5763,17.021
2001,8.1662,12.132
2024.4,10.64,10.658
2081.4,14.504,18.421
2076.4,4.3059,9.6114
2166,9.8514,13.363
2183.1,6.3268,9.358
2234.1,11.294,18.037
2240.5,12.6,15.773
2309.4,7.6666,7.6938
2313.5,0.97381,11.535
2368.7,8.3837,8.48
2424.8,0.046828,9.8298
2425.2,6.9067,8.3861
2457,0.37206,12.034
2464.1,10.328,11.111
2469.2,14.979,16.064
2486.6,3.6147,4.9883
2526.7,8.9132,11.162
2531,11.99,12.644
2648,9.4452,12.378
2666.5,0.13003,3.5378
2705,7.1058,8.6804
2759.3,2.0137,14.44
2764.5,0.42794,10.534
2803.1,11.139,11.303
2892.4,11.167,11.459
2934.9,10.532,14.426
2939.4,4.9602,4.9933
2984.7,3.7197,15.211
2974.3,1.7203,10.83
3032.3,6.7536,7.1436
3048.9,1.5459,4.2278
3066.4,7.9202,10.188
3069.7,8.9688,10.414
3088,6.0156,6.3377
3091.2,8.1756,16.036
3124.9,2.9946,10.564
3140.6,9.0968,13.088
3190.5,2.6417,5.2233
3219.8,4.0641,10.646
3227.7,7.5229,14.397
3281.9,8.5239,14.621
3307.8,13.034,15.165
3328.1,2.7161,3.3399
3349.7,8.589,13.412
3417.7,2.8369,13.054
3421.3,2.0374,13.886
3467.6,12.955,17.909
3533.8,13.433,16.08
3551.2,6.4598,7.479
3603.3,5.6734,6.5689
3601,9.0774,16.717
3635.5,4.7213,7.2256
3689.4,10.099,17.606
3696.3,7.2193,9.5901
3711.6,0.13346,6.5622
3739,1.2276,11.038
3775.3,14.776,18.011
3862,9.2098,11.577
3866.2,3.5371,5.1853
3895.5,10.665,14.992
3906.6,14.855,16.252
3909.9,6.2562,8.0415
4000.1,0.62399,4.9382
4024.9,14.278,15.087
4062.1,6.5104,13.717
4056.7,1.128,8.405
4090.1,11.473,12.459
4129.8,7.6571,12.719
4163.9,11.646,14.675
4174.8,9.9123,11.01
4185.3,1.71,1.7337
4258.8,9.4035,9.4775
4313.9,9.2378,12.817
4323,12.45,17.309
4343.7,11.806,13.399
4372.6,4.6379,8.9309
4385,5.0048,7.1099
4382.9,6.0376,13.497
4403.8,9.5456,11.391
4436.8,11.125,16.235
4446.7,7.418,9.9771
4462,7.0286,10.658
4502.7,11.344,11.671
4529.3,2.557,2.6411
4531.5,1.5024,13.619
4597.7,6.2974,9.9307
4614.2,9.5032,11.136
4646.6,2.0095,3.9365
4670.8,9.7324,13.416
4696.5,8.7357,8.867
4716.8,2.7346,7.3469
4715.6,9.6341,13.458
4734.1,1.2732,6.0623
4789.7,8.4304,9.6596
4801.9,10.205,10.375
4862.3,2.2463,3.2285
4930.7,13.045,16.849
4988,9.2535,12.201
4991.5,0.56049,3.5608
3.6047,1260.1,15.256
38.793,1263.9,16.45
44.716,1250.4,0.49151
67.267,1243.1,9.9883
81.386,1263.1,14.586
85.616,1253.7,5.7256
116.62,1237.9,16.77
132.01,1246.5,12.5
141.8,1241.9,10.581
154.37,1264,14.677
173.9,1244.4,10.507
187.64,1256.8,10.203
201.89,1250.6,6.9182
199.93,1250.2,10.075
233.51,1259.5,12.772
253.31,1251.8,13.432
261.71,1259.7,11.821
269.12,1252.5,2.6698
292.73,1240,12.652
296.62,1236.3,14.116
318.73,1259.7,10.418
342.56,1250.3,12.56
331.19,1258.3,16.124
362.99,1251.9,3.5447
370.28,1264.7,15.445
402.38,1260.3,16.134
402.17,1258.4,8.8583
423.04,1237.9,12.493
443.22,1253,8.7599
450,1241.5,8.5474
478.39,1261.6,17.732
474.4,1255.3,7.7026
481.02,1238.9,17.839
498.64,1250.7,11.377
522.53,1245.9,4.7641
549.09,1264.8,17.382
543.64,1235.7,18.273
573.25,1249.8,3.257
582.3,1239.2,11.124
587.32,1262.6,17.852
606.24,1242.1,11.816
624.31,1246.1,6.8936
639.37,1245.2,7.3646
647.7,1236.9,17.956
686.63,1250.3,11.635
690.24,1236.8,13.171
714.47,1253.4,10.066
724.31,1254.5,6.2177
730,1241.8,9.5883
747.94,1254.7,5.0969
772.7,1235.3,16.603
783.29,1255.3,6.2362
798.9,1258.7,9.5726
804.85,1252.9,5.9063
825.36,1254.1,4.1587
826.78,1244.9,14.176
853.8,1251.1,1.6183
855.46,1254.7,15.282
896.88,1262.9,17.573
900.1,1249.7,0.28591
925.67,1257.9,13.259
929.01,1251.8,2.0131
943.94,1240.1,9.9799
961.93,1261.2,11.362
970.96,1256,7.2533
1001.6,1248,11.718
1010.7,1255.1,7.6392
1016.4,1264.9,15.287
1044.6,1255.4,10.977
1038.2,1249.2,11.792
1077,1235.3,19.006
1070.7,1251.3,9.3378
1086.1,1247.5,9.2122
1111,1253.7,3.8014
1120.5,1249.2,4.5627
1137.2,1249,2.9699
1154.3,1251.1,1.3125
1174.7,1255.7,7.3457
1196.1,1259,14.308
1194.1,1248,6.1883
1200.9,1263.2,19.295
1217.9,1255.2,13.191
1250.4,1263.3,14.384
1256.3,1237.6,12.956
1286.4,1257.5,13.638
1302.8,1238.1,17.425
1297.5,1242.4,10.732
1320.8,1240.7,9.2915
1344.1,1262.8,15.762
1345.9,1250.9,4.1744
1354.5,1243.7,12.248
1378.8,1251.8,2.1925
1391.7,1250.1,3.2866
1418.4,1261.1,13.956
1419.1,1252.9,6.591
1430,1244.2,11.581
1443.4,1242.7,13.707
1458.2,1246.5,12.331
1486.2,1253.1,3.2915
1505.1,1244.9,7.2432
1524.2,1236.4,16.41
1518.2,1264.6,18.768
1534.3,1249.8,10.68
1552,1262.8,15.125
1570,1250,5.0061
1582.7,1260.2,12.569
1596.4,1236.1,16.346
1629.4,1257.7,12.176
1639.1,1236.3,14.264
1637.6,1256.6,14.033
1654.4,1240.9,13.972
1676.4,1237.3,13.204
1686.7,1258.8,12.081
1698.8,1263.7,17.736
1723.5,1236.4,13.697
1728.2,1261.5,16.524
1766.6,1247.3,11.896
1757.5,1248.4,12.61
1783.3,1235.4,14.69
1809,1253.7,9.7066
1809,1240.2,11.503
1831.8,1257.8,7.9772
1840.1,1237.1,13.831
1868.1,1235.6,16.555
1871,1241.6,9.261
1893.7,1253.9,5.3807
1897.5,1258.5,11.324
1932.1,1247.6,12.34
1939.7,1255.7,7.3713
1950.9,1260,10.041
1962.8,1241.4,8.869
1969.3,1253.8,11.339
1997.7,1249.4,2.7937
1995.5,1251.8,14.621
2034.7,1236.5,16.579
2051.4,1242.8,13.491
2053.6,1238.3,11.753
2057.6,1239,16.576
2097.6,1235.6,19.132
2086,1251,14.043
2105.3,1241.1,13.227
2126.7,1247.7,3.9941
2131.8,1240.4,16.263
2172.6,1248.1,12.698
2165.1,1251.6,10.036
2199.3,1240.9,13.023
2213.7,1242.2,11.634
2234.7,1263.4,19.951
2245,1243.5,11.924
2253.3,1264.1,14.504
2263.4,1252.5,2.9293
2279,1251.4,1.7279
2295.8,1241.4,8.6782
2306.4,1251.9,4.092
2318.3,1260.2,12.217
2342.1,1246.2,4.3341
2363,1238.5,14.019
2359.2,1256.6,12.638
2393.7,1239.3,13.796
2389.6,1251.9,10.569
2407.5,1242.1,10.833
2417.2,1253,13.179
2441.7,1255.2,6.1088
2468.6,1248.7,8.6633
2465.6,1261.1,14.607
2478,1261.1,16.308
2491.8,1247.2,13.515
2515.2,1255.4,7.2536
2520.9,1253.7,14.553
2536.1,1251.1,13.941
2563,1256.6,6.8876
2581.9,1248,2.7492
2588.4,1264.2,15.631
2603.3,1257,9.7073
2622.5,1260.6,10.928
2646.2,1257.2,9.473
2662.5,1260.6,12.921
2670.1,1256.2,6.1949
2676.8,1258.3,11.621
2699.9,1238.4,11.626
2712.9,1263.6,13.739
2729.8,1247.1,2.9014
2745.4,1261.5,11.471
2772.3,1248.2,12.473
2774.6,1249.9,0.4318
2792.3,1256.3,6.6762
2809.2,1241.2,9.7108
2818.8,1252.5,2.7844
2822.4,1247.1,12.942
2835.8,1240.6,17.011
2868.6,1252.3,4.3156
2881.4,1240.2,9.8992
2882,1261.4,17.306
2919.3,1257,11.601
2924.9,1248.6,1.376
2954.1,1252.1,14.283
2954.4,1252.8,2.831
2982.8,1257.4,14.832
2989.1,1235.1,15.419
2995.1,1253.2,5.9129
3009.5,1252.5,6.0093
3044.2,1249.7,14.19
3046.8,1254.1,4.4472
3073.4,1236.4,19.135
3060.6,1245.7,15.012
3104.6,1245.9,15.127
3102.7,1243.5,6.9121
3126.4,1243.3,9.2523
3134.5,1264.7,14.701
3136.3,1254.4,14.363
3153.3,1236.8,17.657
3173,1256.8,9.7756
3196.4,1248,2.4205
3213.9,1253.4,5.1795
3224.1,1240.6,9.4112
3237.9,1235.7,14.496
3258.6,1249.9,3.5586
3265.4,1260.4,11.416
3297.8,1258.6,15.377
3287.1,1255.8,14.109
3310.4,1244.4,7.2154
3339.6,1256.5,11.606
3340.8,1254.7,6.3097
3348.9,1251,11.194
3386.2,1260.8,15.537
3387.6,1236.8,13.453
3407.8,1263.3,13.547
3432.6,1253.1,13.03
3422.4,1260.8,16.601
3442.9,1264.1,15.807
3452.9,1245.2,13.021
3469.2,1242.7,13.051
3497.1,1240.5,9.6941
3520.6,1259.8,14.439
3534.3,1242.7,11.787
3526.3,1243.6,15.167
3562.7,1254.1,8.6994
3571.8,1261.5,11.619
3587.5,1246.9,4.0255
3609,1257,11.441
3604.1,1241,14.076
3628.2,1241.8,8.4024
3643.8,1239.8,10.226
3652.5,1248.9,7.5692
3680,1261.3,12.351
3703.2,1255.6,14.395
3701.3,1240.1,10.544
3717.6,1245.5,5.066
3738.4,1235.3,15.119
3759.3,1242.6,11.864
3774,1251.9,9.1655
3777.8,1257.9,8.2399
3805.8,1263.4,17.204
3803.1,1236.1,15.53
3811.8,1248.3,13.271
3831.4,1255.6,10.278
3861.8,1263.9,15.527
3870.6,1263.3,13.333
3885.2,1244.2,5.7853
3907.7,1264.4,16.293
3922.2,1244.2,9.2375
3925.4,1243.1,8.3153
3934.4,1235.9,17.658
3971.2,1258.8,14.209
3975.9,1250,0.85141
3983.9,1242,10.091
4015.6,1246.4,11.219
4019.9,1257.4,7.3682
4033.2,1245.3,5.0598
4043.9,1240.5,11.273
4055.2,1251.4,9.9159
4071.6,1251.7,8.5359
4093.3,1247.9,2.6668
4115.2,1263.3,14.302
4123.9,1244,6.0548
4125.4,1251.6,14.7
4155.7,1262,12.043
4181.5,1264.8,18.762
4177.6,1247.1,7.998
4210.7,1245,11.786
4209.8,1240.5,10.797
4216.7,1236.6,18.86
4257,1256.4,13.562
4258.6,1258.9,9.0122
4288.7,1257.5,15.626
4288.7,1238.7,11.348
4306,1249.2,1.2883
4311.4,1249.6,8.6128
4331.4,1240.5,10.109
4348.4,1263.5,13.628
4376,1258.8,14.07
4388,1261.5,13.965
4384.2,1240.3,14.544
4396.9,1244.7,14.193
4410.5,1251.5,14.59
4438.6,1259.1,9.219
4468.4,1262.9,18.596
4481.8,1249.9,11.775
4491.6,1255.8,8.7568
4508.8,1252.6,9.1673
4520.7,1264,15.169
4536.7,1236.4,15.177
4546.7,1255.1,5.406
4557.2,1242,8.4326
4578.6,1251.7,3.9773
4576.7,1254.7,14.151
4619.3,1242.7,16.062
4617.2,1257.3,7.8374
4645.7,1248.7,10.831
4641.4,1241.8,11.895
4673.7,1242.8,11.303
4691.3,1254.4,12.13
4691.4,1237.9,12.645
4712.9,1258.6,9.1129
4710.7,1263.2,19.412
4736.8,1240.3,10.21
4753.3,1244,6.2837
4780.3,1235.2,17.998
4798.8,1238.8,17.731
4792.9,1236.7,15.049
4825,1254.3,10.901
4835.6,1251.1,5.6663
4833.4,1263.3,17.7
4870.5,1243,12.581
4876.2,1237,13.107
4900.2,1243.8,11.924
4899.2,1249.6,5.8379
4918.4,1258.3,8.4915
4923.9,1260.9,15.54
4957.6,1238.3,13.92
4976.4,1235.3,18.594
4993,1251.8,13.164
4982.4,1245.8,13.272
9.4021,2506.2,11.277
0.43688,2509.5,17.405
16.926,2503,13.416
33.375,2494.5,12.879
53.154,2488.8,13.113
61.646,2511.7,17.77
96.763,2505.3,8.603
113.84,2487.4,15.432
106.76,2509.3,16.206
145.82,2488.2,15.988
136.32,2515,20.289
156.62,2512.6,15.101
173.74,2504.7,7.841
205.34,2503.2,10.813
203.62,2511.4,13.029
219.21,2492.8,9.249
237.63,2495.7,4.8942
264.64,2502.8,10.035
261.47,2510.6,13.578
289.98,2499.6,4.9923
288.02,2510.3,15.818
326.87,2485.8,18.508
344.94,2509.8,17.888
348.37,2502.6,4.2313
345.65,2499.2,14.377
383.19,2490.9,12.211
396.5,2490.6,11.422
412.72,2502.6,8.1488
417.28,2499.5,2.7582
449.51,2500.7,14.531
435.35,2498.7,14.703
476,2506.8,12.915
480.05,2502.2,2.1674
503.52,2496.9,9.0708
514.91,2508.9,10.137
527.5,2488.5,11.797
545.94,2503.6,6.9311
557.04,2499.4,2.129
574.83,2496.9,5.7418
591.67,2500.3,6.6753
591.89,2492.3,11.19
622.37,2507.6,10.573
644.16,2493.4,15.606
631,2511.4,18.047
672.06,2504.9,13.011
682.15,2492.8,10.146
687.36,2513.2,13.427
712.34,2489.2,13.032
711.25,2499,8.7973
749.1,2502.3,14.277
741.24,2489.9,13.354
761.71,2494.2,6.6657
785.2,2491.6,9.8598
786.27,2509.9,13.221
812.85,2508,8.5171
815.32,2499.2,9.7165
842.95,2497.8,3.6854
863.32,2497.6,8.6737
867.54,2489.2,11.052
892.65,2486.8,15.297
895.65,2497.8,4.8571
917.78,2513.5,13.748
917.33,2493.6,14.206
955.44,2503.3,10.94
967.8,2486.8,15.342
960.9,2508.4,16.42
987.5,2504.9,5.5062
992.6,2509.3,15.516
1032.4,2485.7,18.965
1045.1,2512.3,15.883
1045,2498.2,5.2689
1077.6,2506.7,14.27
1080.5,2507.9,7.9445
1081.8,2494.7,14.186
1103.3,2504.9,8.2701
1132.4,2510,12.427
1143.9,2493.8,7.2738
1168.1,2501.8,13.177
1158.7,2499.5,11.345
1186.9,2514.1,14.236
1214.8,2489.5,18.132
1214,2508.1,8.2014
1241.8,2514.2,18.463
1231.8,2512.2,17.964
1263.5,2510.1,10.722
1285.3,2507.9,12.997
1297.6,2501.9,7.7776
1307.6,2506.9,7.3733
1314.5,2511,12.237
1348.2,2514.5,19.608
1361.7,2496.6,12.144
1352.6,2510.9,16.532
1375.6,2508.2,9.3687
1404.6,2497.6,9.9056
1404.5,2503.5,6.5734
1438.6,2502,13.789
1440.8,2512.3,12.361
1452.8,2488.3,11.905
1478.2,2485.2,16.959
1490.3,2511.2,12.393
1489.6,2514.3,17.671
1521.9,2508.4,10.826
1535.8,2486.6,14.616
1555.9,2486.4,17.408
1560.5,2499.9,0.51918
1575.3,2502.9,2.8792
1601.6,2493.6,13.203
1615.2,2513.1,16.587
1607.3,2492.7,14.623
1641.9,2498.3,7.0508
1654,2493.5,7.6382
1664.2,2503.7,3.7519
1670.1,2498.1,10.071
1706,2487.5,16.681
1706.2,2490.2,10.574
1714.4,2492.1,13.226
1738.5,2510.7,10.767
1758.1,2489.5,10.928
1757.9,2503.6,12.603
1798,2491.1,15.747
1814.2,2506,15.382
1804.9,2502.5,10.427
1825.1,2506,7.7484
1847.5,2509.6,9.9586
1854.3,2512.9,14.087
1883.6,2511.3,14.22
1902,2508,14.448
1919.3,2487.7,18.875
1908.7,2506.2,12.887
1929,2497,6.7147
1940.4,2493.7,11.471
1951.7,2503.1,13.619
1979.6,2507.9,7.9558
2004,2509.7,13.224
2013.3,2500.7,3.3694
2024.5,2491.1,8.9334
2028.1,2502.6,12.225
2069.1,2503.2,14.479
2064.3,2503.4,6.6448
2098,2491.6,15.513
2098.1,2487.6,12.547
2110.2,2495.6,6.5228
2132.9,2509.9,10.278
2150.3,2503.7,6.4437
2165.9,2505.6,8.0868
2180.2,2488.7,12.394
2184,2493.4,8.9624
2203.9,2490.9,9.163
2213.9,2492.8,9.4008
2235.2,2503.2,3.1641
2252.3,2507.5,7.8876
2254.1,2490.9,14.203
2287.9,2495.9,8.8969
2300.2,2498.6,5.4066
2305.5,2510.9,11.809
2324.2,2499.8,0.80863
2339.6,2503.7,3.672
2344.3,2501.2,10.801
2380,2493.7,11.808
2372.8,2507.6,14.435
2392.4,2487.1,15.021
2426,2493,12.985
2432.3,2486.9,13.345
2438.9,2486.1,15.165
2457.2,2499.2,2.8954
2464.1,2494.9,12.059
2483.2,2495.1,8.3303
2517.5,2505,13.419
2515.7,2503.9,5.8172
2527.2,2499.2,7.8423
2543.4,2510.2,12.133
2576.6,2511.3,16.203
2588.8,2505.9,10.58
2591.3,2499.7,3.7228
2607.9,2502.3,3.1298
2613.9,2487.7,16.567
2641.6,2514.3,14.408
2645.7,2495.8,10.233
2675.3,2500.1,5.2552
2679.9,2509.7,10.965
2713.4,2498.9,13.441
2700.3,2510.3,17.964
2732.1,2499.7,2.1478
2748.6,2512.7,13.192
2773.5,2487.5,18.434
2786.1,2495.7,11.956
2776.4,2489.6,17.172
2792.6,2501.5,12.452
2821.6,2486.5,13.633
2830.8,2507.4,8.5537
2838.9,2509,14.27
2866.7,2513.1,13.162
2876.4,2491.8,8.9566
2888.8,2507.3,9.5761
2915.7,2501.4,5.8426
2921.9,2509.9,10.382
2942.6,2514.9,15.154
2953.8,2492.6,7.4658
2962.7,2505.4,9.0876
2973.8,2486.4,17.604
3002.7,2498.5,3.1123
3010.7,2497.1,5.229
3034.4,2503.6,5.6776
3040.4,2508.3,9.5093
3066.7,2493.5,9.339
3078.7,2496.7,4.985
3086.6,2506.3,7.1231
3118.7,2491.1,16.333
3128.6,2493.1,11.096
3136.6,2514.9,14.958
3156.4,2508.8,10.922
3174.6,2514.1,17.041
3189.6,2487.1,16.082
3205.7,2494.5,11.993
3199.7,2514.7,17.945
3220.7,2514.9,15.565
3251.9,2487.8,17.039
3242.5,2507.7,14.646
3273.7,2505.7,6.8355
3295.1,2514.1,17.284
3298.8,2502.7,2.9674
3322.8,2490.3,12.469
3331.4,2490.7,9.4108
3351,2508.1,10.054
3353.4,2496.3,7.6173
3382.9,2506.2,10.093
3394.6,2495.7,6.3019
3410.4,2508.1,9.7065
3416.5,2509.7,10.272
3433.5,2500.1,1.5323
3442.8,2486.4,15.423
3473.2,2501.2,8.2478
3487.3,2490.8,11.759
3485.9,2506,10.895
3523.1,2488.2,17.661
3532.9,2501.6,8.0428
3538.8,2489.3,10.758
3567.1,2513.5,18.14
3576.2,2492.7,9.6197
3594.6,2507.1,11.935
3591.1,2490,13.388
3603.4,2502.5,11.888
3626.2,2490.6,10.143
3648.9,2494,7.1483
3657.1,2513.1,13.436
3671.1,2513.3,13.865
3683.3,2491.7,10.685
3692.1,2497.5,13.14
3724.8,2512.4,13.28
3734.6,2492.6,7.3871
3750.6,2491.3,8.693
3758.5,2504.5,7.9321
3779.5,2485.1,14.953
3797.3,2499.5,2.3396
3813.8,2486.5,13.99
3835.1,2514.2,17.453
3845.9,2493.4,8.8221
3859.6,2514,14.761
3879,2493.9,10.839
3880.6,2487,13.696
3898.6,2496.4,3.8874
3928,2494.8,14.006
3938.9,2505,10.23
3949,2505.8,7.0761
3955.9,2514.1,14.7
3985.1,2511.3,15.107
4000.9,2514.9,18.452
4002.8,2500.4,2.2328
4034.4,2488.9,18.137
4040.3,2506.9,8.7189
4037.8,2506.9,14.056
4056.1,2499.7,8.9332
4076.7,2508,8.6893
4105.8,2500.8,10.79
4095.6,2514.2,20.257
4127.9,2497.4,3.9249
4135.3,2494,7.6167
4159.7,2485.8,14.932
4174.2,2512.4,13.115
4176.6,2510,13.064
4199,2496.1,3.9934
4219.6,2498.1,4.9876
4243.4,2494,14.672
4254.7,2511,14.647
4259.3,2500.1,0.70246
4286.7,2499.7,11.719
4275.2,2487.6,19.303
4298.1,2488.3,13.609
4315.5,2492.8,8.4987
4345.5,2499.9,10.483
4356.9,2512.3,14.065
4370.5,2496.2,6.6425
4390.9,2513.5,17.336
4409.2,2514.4,20.224
4417.8,2513.5,15.582
4431.9,2514.1,15.666
4426,2512.5,18.741
4449.5,2512.3,13.535
4455.6,2503.8,14.917
4498.7,2495.2,14.545
4493.9,2508.9,10.78
4506.7,2513.5,15.809
4541.6,2491.6,14.328
4553.2,2507.3,10.957
4567.2,2496.8,7.8677
4576.5,2512.8,12.92
4578.9,2507.8,13.609
4592.3,2495.9,13.296
4630.4,2499.9,10.371
4641.6,2512.4,14.085
4652.1,2489.1,11.099
4661.8,2485.1,15.23
4692.4,2512.3,17.454
4704.8,2490.3,13.756
4724.1,2489.6,17.512
4719.8,2507.8,9.3465
4729.1,2497.5,11.201
4760.4,2514,14.999
4766.9,2508.6,9.1188
4774.5,2494.1,12.03
4798.1,2491.8,8.4584
4829.9,2508.6,17.187
4815.4,2513.7,20.053
4832.5,2494.6,13.638
4850.6,2505.6,10.979
4871.2,2515,15.455
4886.3,2511,11.619
4911.6,2502.7,7.1136
4907.7,2488.7,16.71
4924.1,2507.6,13.296
4947.7,2494.9,5.5505
4953.6,2486.5,17.664
4974.3,2485.4,15.656
29.565,3761.5,18.587
33.078,3737,13.342
35.787,3738.8,14.503
71.886,3741,14.886
69.54,3762.8,13.892
99.354,3764.7,17.435
93.018,3742.8,13.997
107.96,3762.7,17.531
127.74,3750.8,7.3105
139.43,3764.5,17.964
174.85,3736.8,16.436
172.93,3747.1,7.6514
181.48,3764.4,19.735
209.82,3737.2,12.801
212.45,3737.9,17.426
254.97,3758.3,17.125
264.53,3741.5,12.777
283.59,3735,20.232
288.09,3745.3,5.627
313.33,3735.9,19.402
327.24,3755.4,13.378
325.68,3743.2,8.0908
345.03,3759.9,9.9185
370.21,3750.6,10.222
383.57,3736.6,15.933
388.97,3738.2,11.882
398.44,3754,7.6631
432.25,3758.6,14.995
428.08,3754.1,8.0464
443.89,3759.1,10.943
479.56,3741,17.12
477.7,3760.5,10.755
504.53,3753.2,10.069
505.27,3737.7,13.18
526.33,3755.9,6.0108
543.6,3744.5,6.5704
548.97,3754,7.2398
573.61,3736.1,14.315
581.65,3746.3,4.9943
606.42,3740.7,11.268
627.12,3752.2,12.324
626.42,3745.2,6.0163
640.09,3739.9,11.202
656.99,3745.9,5.1144
666.05,3763.3,16.034
688.72,3750.2,1.2917
715.62,3753.2,11.092
712.73,3747.3,7.7433
721.79,3755.3,14.243
737.58,3738.1,17.174
760.55,3763.7,14.405
787.53,3751.7,7.7187
787.06,3747.6,8.3105
810.58,3749.6,0.7203
817.79,3741.1,11.421
826.2,3741.5,16.19
849.43,3760.3,11.718
881.48,3746.3,12.063
890.5,3748.1,5.8165
899.75,3760.7,10.657
928.65,3740.6,16.6
930.93,3761.1,11.171
934.06,3761.9,16.181
953.7,3757.2,9.5699
987.79,3751.9,12.931
988.8,3752,2.3056
997.77,3762,13.985
1010,3745,11.205
1020.4,3738.2,18.808
1054.8,3749.9,4.8129
1078.8,3762.5,18.602
1090.2,3739.6,14.562
1101.8,3750,6.7859
1103.5,3756.6,9.2834
1134.3,3736,16.822
1151.2,3756.5,12.94
1145.2,3747.3,10.169
1163.8,3738.7,12.844
1191.5,3740.8,11.211
1198.8,3751.1,1.6387
1220.2,3742.8,8.9003
1225.1,3744.4,7.4104
1252.2,3760.4,12.641
1267.7,3743,10.382
1284.4,3741.9,12.452
1283.7,3745.6,7.6802
1319,3736.6,19.357
1326,3758.9,10.772
1326.2,3761.4,14.425
1344.7,3745.9,6.6826
1370,3746.5,6.1178
1372.6,3744,9.5678
1384.2,3758.5,13.747
1419.8,3745.5,10.779
1415.5,3736.6,16.438
1429.3,3755.5,12.042
1441.4,3764.2,19.681
1470.1,3760.4,10.434
1479.9,3748.8,5.1968
1509.9,3756,11.557
1520.4,3749.5,5.4269
1540.5,3757.7,13.001
1556.2,3755.1,12.282
1572.8,3757.6,14.923
1564.7,3742.5,12.724
1596.6,3750.7,6.6729
1602.3,3746.9,4.0986
1613.5,3748.5,6.6651
1631.4,3758.4,9.1093
1643.7,3744.3,8.5167
1662.3,3750.2,2.7089
1687.6,3738.6,13.701
1692.1,3756.4,7.0105
1724.7,3750.7,14.675
1729.2,3743.4,7.8521
1745.7,3763.8,14.908
1740.4,3740.3,17.493
1761.6,3744.1,10.299
1779.7,3751.7,5.6202
1787.7,3742.5,14.355
1823.6,3755.3,10.145
1824.8,3753.6,6.2755
1849.1,3758,8.9603
1845.9,3764.7,20.332
1873.9,3744.6,5.5072
1901.4,3759.4,14.784
1916.3,3762.8,17.056
1922,3740.7,9.4682
1922.4,3751.4,12.701
1955.9,3736.4,14.799
1975,3753.3,10.505
1986.8,3758.2,10.64
1999.3,3764,14.689
2024.5,3751.7,14.635
2027.9,3735.9,14.43
2044.4,3743.4,7.9795
2055.4,3758.6,8.5983
2071.1,3752.9,3.1216
2098.9,3735.4,20.154
2088.7,3762.9,17.168
2116.5,3764.5,14.533
2141.3,3746.3,11.887
2138.1,3747.6,7.3434
2170,3754.2,10.837
2161,3738.2,18.304
2203.3,3764.6,19.728
2194.2,3746.9,11.269
2221.2,3737.7,12.398
2237,3762.5,12.623
2247.9,3760.2,10.388
2250.3,3737,19.604
2278,3738.9,11.27
2289.3,3745.6,7.2178
2317,3755.8,9.0386
2327.5,3761.3,11.589
2331,3756.8,11.328
2354.1,3754.3,4.4319
2377.7,3755.7,9.5715
2393,3748.5,8.1684
2389.5,3750,10.524
2410.2,3747.3,5.5184
2438.9,3752.6,9.274
2444.2,3757.6,7.6703
2462.2,3743.7,6.6977
2464.9,3761.7,15.466
2479.7,3748.5,10.43
2496.9,3754.2,9.1188
2517.4,3760.1,10.468
2543.3,3740.6,12.543
2557.8,3764.9,16.836
2570.2,3764.1,15.024
2572.8,3741.1,11.48
2580.6,3764.4,20.381
2620.6,3764.1,17.633
2627.3,3743,7.3412
2647.8,3741.9,11.27
2649.7,3744.7,7.4745
2657.5,3749.9,12.536
2672.4,3761.7,17.172
2702.3,3754.2,4.8354
2704,3747.3,11.349
2734.1,3762.1,12.766
2740.7,3753.7,5.6641
2758.9,3764.8,14.829
2783.6,3761.2,14.139
2779.8,3758.7,13.394
2792.8,3753.2,12.63
2832.3,3760.2,15.969
2839.2,3750.4,4.2179
2857.9,3752.8,8.4188
2850.4,3759.4,17.379
2873.1,3745,8.5183
2889.1,3757.3,9.354
2912.1,3764,14.102
2932.3,3743.2,9.9892
2940.5,3749.3,0.8295
2960.8,3765,16.052
2970.2,3742.7,7.2827
2997.3,3735,19.409
2987,3756.2,14.434
3009.5,3751.4,5.6908
3019,3755.1,12.085
3059.8,3748.7,14.843
3069.5,3747.9,9.7634
3089.8,3736,20.377
3093.1,3744.7,6.1858
3118.6,3755.9,14.842
3115.6,3745.5,6.2313
3148.8,3746.5,14.209
3138.1,3753.3,12.304
3176.6,3759.3,14.859
3172.3,3750,7.6722
3192.4,3752.3,3.4246
3209.7,3749.3,0.73873
3227.5,3737.7,12.518
3236.5,3744.7,6.3298
3253.3,3760.1,10.283
3275.4,3739.8,11.504
3291.6,3758.6,10.8
3288.5,3739.6,15.487
3323.6,3744,10.444
3316,3758,16.139
3335,3752.6,10.352
3346.1,3759.6,16.861
3382.2,3743,10.056
3388.3,3756.7,6.8979
3414.5,3749.1,9.5539
3405.8,3752.5,14.467
3447.5,3757.8,14.724
3461.1,3761.2,15.761
3479.5,3736.2,19.975
3480.9,3747.3,2.8328
3506.6,3755,12.593
3522.8,3756.3,14.283
3522.3,3746.9,4.1196
3554.1,3737.6,18.83
3557.5,3736.9,13.333
3572.7,3735.6,14.635
3571.1,3746.7,14.33
3603.9,3751.2,4.0928
3614.6,3755,5.0067
3625.5,3740.1,10.908
3643,3754.6,5.0125
3650.6,3735.3,17.456
3687.5,3749.6,12.534
3678.2,3754.3,12.562
3695.2,3740.3,13.798
3717.4,3758.1,8.4786
3723.8,3750,11.237
3763.8,3751.7,13.859
3763.2,3744.6,5.7079
3779.1,3746,4.0646
3780.8,3736.4,19.668
3819.9,3751.4,10.038
3818.8,3742.6,9.6282
3853.2,3754.2,13.801
3864.7,3736.8,16.398
3876.4,3763.8,15.256
3892.5,3736.1,15.767
3894.4,3737.5,13.664
3919.2,3740.7,10.197
3926.1,3744.3,6.9188
3947,3759.8,10.038
3952.5,3747.5,7.9179
3971.6,3758.5,9.1665
4001.7,3751.7,11.799
4003.9,3754.3,4.4429
4021,3746.4,3.7479
4034.8,3746.9,3.1459
4036.4,3751.5,13.665
4075,3755.2,11.263
4076.5,3744.6,6.403
4105.2,3749.8,10.16
4113.6,3738.6,11.997
4135.3,3758.9,13.576
4151.7,3751.4,11.805
4151.1,3755,6.288
4182,3736.9,17.831
4195,3755,11.212
4194.7,3746.1,6.5826
4212.7,3741.1,9.1956
4229.1,3761.6,11.652
4246.8,3747.6,3.0268
4249.8,3749.1,10.254
4274.8,3748.9,1.0858
4294.6,3755.9,7.4945
4298.4,3761.7,13.405
4318.7,3745.6,4.585
4341.5,3739.4,12.417
4349.6,3759,8.9816
4360,3751.5,5.232
4390.8,3735.9,17.8
4383,3745.8,12.714
4421.8,3761.6,16.581
4419.8,3744.3,7.6756
4439.7,3746.4,3.6207
4460.2,3748.1,5.5462
4462.7,3739,13.238
4497.1,3738.5,16.682
4489.2,3740.8,14.202
4514.2,3750.4,0.85487
4537.9,3758.8,11.847
4549.8,3742.6,8.8196
4572.2,3755.7,13.463
4568.7,3741.2,10.79
4596.1,3745.3,7.756
4590.1,3745,15.695
4606.2,3764.8,20.288
4626.6,3746.8,9.0469
4653.3,3754.2,5.3087
4652.8,3749.7,12.228
4674.2,3735.5,15.64
4697.5,3742.4,8.0135
4715.5,3735.1,15.904
4714.6,3752.3,10.688
4739.3,3741.4,8.6447
4758.3,3739.8,10.761
4764,3753.6,6.9939
4798.8,3753.6,14.287
4797,3760.3,10.75
4826.3,3746.6,11.759
4836.3,3751.6,6.4768
4835.7,3747,9.7787
4854.6,3736.6,14.464
4864.9,3742.9,12.29
4882.6,3760.3,12.675
4910.9,3761,12.456
4911.3,3744.4,10.369
4941.1,3758.6,10.563
4956.6,3741.5,10.81
4957.3,3746.7,8.3618
4986.6,3745.2,8.1348
4989.5,3737.8,13.367
58.402,4985.9,19.424
99.649,4992.6,12.14
118.16,4987.6,18.081
121.43,4987.2,12.923
138.48,4999.4,11.538
154.23,4996.7,11.272
173.02,4992.4,10.319
197.5,4995,5.6058
243,4995,5.865
327.58,4987,18.075
348.84,4987.7,12.93
403.15,4995.7,13.826
430.1,4988.7,15.19
436.94,4993.1,14.794
466.55,4997.4,13.704
548.57,4986.2,16.245
545.88,4990.7,12.991
596.53,4999,11.572
600.18,4987.5,12.484
629.86,4992.7,16.567
661.83,4991.1,9.0819
681.48,4992.4,10.001
720.84,4986.7,13.366
725,4993.3,12.039
769.66,4999.9,10.336
798.1,4989.4,11.078
836.21,4992.8,8.1601
860.32,4988.8,12.441
860.74,4995.5,10.313
872.33,4986.4,18.608
919.63,4994.6,11.691
949.53,4988.1,12.773
948.13,4988.9,16.245
1019.2,4989.6,10.397
1021.6,4996.5,13.882
1062.7,4990.1,16.159
1081.7,4999.8,1.6787
1108.6,4990.3,16.671
1100.7,4990.3,13.434
1134.3,4990,13.673
1207.1,4988.6,13.373
1224.3,4993.7,11.238
1243.5,4987.7,12.408
1269.7,4989.3,14.44
1260.6,4991.6,16.654
1282.8,4995.4,8.598
1355.8,4997.4,9.5241
1399.8,4999.6,4.7925
1405.8,4988.3,12.426
1460.1,4985.3,17.772
1500.2,4988.9,11.125
1509,4998.8,6.0754
1537.3,4987.4,14.536
1551,4995,7.8523
1601.9,4989.7,15.735
1641.3,4992.9,9.4803
1688.5,4997.2,7.0807
1702.6,4994.4,9.2924
1720.9,4988.8,11.904
1808.2,4987.3,14.42
1846.5,4999.4,1.6131
1863.3,4994.6,6.2783
1900.1,4986.5,16.875
1903.6,4995.1,5.0503
1946.6,4995.3,12.464
2022.2,4991.6,14.855
2027.5,4986.3,18.563
2067.8,4999.8,12.766
2078.9,4999.4,8.9149
2086.9,4985.2,19.73
2125.4,4995.8,11.175
2140.3,4998.9,10.32
2157.1,4985.1,19.195
2186.3,4997,11.738
2201.7,4993.1,7.6689
2263.2,4996.6,3.8925
2354.2,4995.4,14.939
2369.2,4985,15.008
2379.3,4991.2,10.527
2405.6,4989.5,11.928
2403.9,4994.5,12.438
2427,4995.6,5.3215
2452.2,4987.5,14.449
2475.8,4989.9,10.114
2475.3,4985.8,20.463
2505,4987.2,12.758
2548.2,4986.6,18.822
2569.5,4990.4,10.63
2575.7,4991.5,9.4608
2582.2,4987.2,18.099
2598.7,4989.4,15.521
2639.9,4991.9,16.963
2645.7,4992.3,9.5899
2723,4990.2,12.666
2738.4,4992.3,11.376
2796.4,4990.3,12.915
2856.7,4995.4,8.1326
2872.4,4995.4,8.8551
2934.4,4992.6,11.938
2943.7,4998.5,3.9621
2952.4,4998.3,3.0976
2990,4992.1,9.3292
3043.6,4991,9.1551
3101.1,4986.9,13.634
3144.4,4995.1,10.639
3149.8,4987.1,12.88
3166.7,4985.6,19.556
3181.7,4991.2,15.959
3225.1,4989.6,10.371
3255.9,4986.2,13.873
3295.4,4987.1,16.545
3310.6,4992.2,13.146
3339.1,4997.5,9.4425
3364.9,4987.4,13.499
3375.3,4991.9,8.0872
3397.3,4999.9,7.7501
3444.1,4999,9.145
3510.6,4994.3,15.481
3583.5,4994.6,14.578
3575.1,4997.9,10.111
3621,4987.8,15.199
3639.4,4990.2,11.313
3733.9,4989.2,17.622
3722.1,4988.8,17.054
3740.3,4986.2,16.891
3763.7,4989.9,10.16
3788.9,4990.5,11.239
3838.8,4993.4,6.6696
3881.3,4987.9,12.653
3926.9,4999.1,3.2533
3979.9,4998.1,5.2765
3975.1,4999.1,14.918
4013.3,4995.2,9.5623
4029.4,4989.6,14.045
4058.3,4989.4,12.53
4077.4,4995.7,5.0046
4103.3,4988.2,14.425
4099.6,4988.5,15.553
4129.8,4994.2,7.5222
4131.6,4997.6,8.7949
4154.7,5000,0.30984
4167.2,4991,9.4415
4250.4,4987,16.137
4283.3,4991.5,10.791
4313.3,4992.8,11
4308,4998.8,12.104
4346.9,4994,6.781
4387,4994.4,9.7754
4400.5,4991.5,12.733
4424.2,4994.1,5.9133
4445,4990.9,10.379
4457.2,4990.2,10.025
4497.4,4994.3,13.686
4541,4999.1,11.009
4533.7,4994.2,12.717
4562.8,4994,6.5929
4566.9,4991.8,11.56
4603.7,4988.3,11.724
4630.5,4992.3,13.021
4644.6,4991.8,9.7857
4651.2,4998.3,13.907
4705,4995.7,10.846
4697.5,4991,15.367
4782.7,4988.3,17.244
4800.3,4995.8,15.23
4855.1,4997.3,10.428
4860.8,4991.2,8.8885
4901.4,4988.1,16.521
4899.8,4991.6,9.8772
4936.3,4994.4,14.775
4955.1,4987,16.316
902.45,467.51,11.634
150.35,282.78,8.333
648.89,238.18,16.012
1578,3413.6,8.3277
3657.7,2377.5,5.6304
3864.9,4635.1,7.3587
742.84,2056.8,19.819
3979,4350,7.9306
826.73,3550,10.236
3585.5,4711.8,5.0533
392.78,2400.9,11.269
1969.3,2173.1,4.4574
4079.1,2560.4,6.2623
2649.9,2622.4,11.285
4736.8,2345.3,10.767
1583.4,4792.7,10.588
2890.8,4280.5,19.336
951.15,1527.7,15.493
1961.3,3601.6,19.086
4993.8,4273.1,17.075
1718.4,1538.5,9.5021
4542.9,784.01,4.9852
3488.3,385.53,1.4239
148.85,3740.5,6.0288
2406.4,2671.1,9.1585
3384.5,2269.6,9.6546
2012.4,3962.1,20.775
770.46,1093.9,19.663
2805.8,1532.5,12.676
4746.6,3657.7,12.382
4796.5,2299.6,2.3986
4949.7,2025.2,8.4683
4180.1,1258.4,20.001
3270.4,2905.7,4.5465
4345.9,4041.6,3.6158
4318.9,252.17,7.3585
3809.6,743.73,13.156
826.34,2457.1,9.2433
397.37,4458.5,8.821
2544.5,1565.1,6.0499
465.2,1414.1,19.2
2189.3,323.56,14.484
1559.9,302.58,2.2118
1895.8,2895.4,1.7708
4978,4184.8,0.28413
4347.5,1737,19.49
4739.5,1742.1,7.7974
1271.5,207.63,8.9525
242.46,1956.6,12.213
4159.2,4331.5,3.9461
3443.6,126.3,0.47149
2980.1,856.89,13.958
1073.7,4154.6,9.7294
2675.8,64.154,4.2424
278.78,2333.4,4.1688
2155.2,4158.1,14.713
953.69,4501.3,15.855
1638.9,2535.3,11.526
4688.3,4193.6,11.155
4236.8,2838.3,8.6277
1284.9,3869.8,11.815
1886,1563.6,15.499
3667.6,537.96,6.2263
3911.1,3472.9,16.643
58.185,3708.8,1.6084
1108.5,1984.7,10.006
335.36,1732.9,8.4674
3528.3,271.79,19.328
4379.7,1874.3,9.0797
1387.4,1834.3,20.048
3464,1420.9,8.5814
695.07,4571.9,5.1441
1873.8,3300.7,18.511
4179.4,2127.7,10.479
3478.7,3125.5,8.9854
3474.5,3000.6,11.717
4266.8,4902.5,5.2729
1472.9,3821.7,5.4552
3254.8,3594.5,4.4492
1493.1,4403.3,12.317
4723.4,53.252,17.716
3903.9,2857.7,18.088
4125.1,4858,13.659
3680.9,2668.1,20.895
3968.4,313.58,20.767
2025.8,2823.5,14.481
653.06,1140.6,16.662
797.78,2202.9,7.3991
4083.2,494.53,16.557
152.77,635.58,0.98424
2720,4008.1,7.4847
4117.5,1274.4,7.5731
4742,2499.6,2.7521
2301.3,2615,20.837
347.5,98.025,8.8195
2612,4385.1,8.6229
979.29,2300.5,16.603
1493.6,4899.7,9.1896
4878.6,2847.4,12.225
826.58,4371.5,13.799
3886.7,1207.6,0.70026
1706.9,587.8,8.5704
2370.5,757.02,20.342
501.18,297.47,12.633
300.91,1001,19.794
4308.6,4341.2,19.878
354.36,3854.4,16.032
4414,4659.4,11.432
1969.2,403.76,17.486
2200.3,349.46,0.22798
1753.7,4886.5,15.836
161.75,2608.5,2.1857
3627.8,3938.5,1.0269
1767.4,1548.8,3.9391
3205.3,592.58,10.03
3857.9,2427.1,0.2044
3385.4,2076.4,18.205
2429.4,4579.2,10.044
4060.6,797.29,3.1806
379.98,1018,5.2069
141.66,750.45,1.2047
2167.5,4788.5,4.3539
717.39,3743.4,9.8745
4040.2,1032.3,9.7788
8.7738,3328.5,7.447
481.11,1097.8,9.3551
2108.4,2246.5,6.9878
1175.6,4701.9,12.136
4781.5,2909.7,21.051
1857.4,738.63,15.228
2456.6,3147.7,7.6579
1337.5,921.51,12.149
2881.4,414.46,8.0681
2600.2,1069.6,7.8931
4894.3,2632.2,9.0002
3303.7,3333.5,15.764
4231.2,2295,7.6385
435.72,1077.3,13.29
2114.4,1101.4,18.092
207.03,4450.4,2.5461
3010.7,1507.8,3.6984
3657.2,1250.3,20.166
3413.1,4483.1,20.736
305.16,598.64,5.3458
3382.5,3326,6.0377
1535.4,1637.4,17.783
1741.5,1630.5,17.015
3632.5,4127.4,7.8481
535.46,2751.1,7.6964
1262.5,3223.9,5.7645
2194.7,4225.6,5.5042
2935.9,2975,21.094
1535,1654.9,0.98139
2177.3,1057,14.347
1551.7,3128.4,10.642
4579.8,1315.3,2.4032
3292.1,4878.2,9.786
884.53,806.78,15.244
3225.5,3972.7,20.377
176.46,4622.2,11.22
3913,2331.5,19.843
9.0199,3067.8,20.992
1922.6,2052.4,9.8793
3362.3,4846.1,7.7173
197.45,3266,1.9163
2173.8,3857,17.908
871.9,2075.9,8.776
2916.1,745.35,16.066
955.18,2471.6,11.753
1918.2,4243.5,10.103
4410.9,3388.9,5.6552
9.2068,2229.6,2.8697
3401,2485.4,1.6483
1412.6,780.64,17.959
4107,3489.3,7.1498
1470.5,1023.5,14.298
1950.5,3386.9,2.2154
4755.4,622.54,12.46
4176.3,2977.4,2.4353
4451.1,3864.6,5.2894
4662.9,2897.9,8.7859
646.8,3419.7,15.177
1741.4,2136.5,18.448
3568.1,1384,17.298
3125.7,4890.2,4.931
4168.1,4824.6,7.3469
1102.5,3640.3,20.378
1596.6,3623.9,6.3918
1096.9,3224.8,3.271
140.18,429.25,15.792
3401,2639.5,6.0011
1430.7,4257.7,6.9757
153.95,1049.9,0.028254
1422.3,4133.7,11.962
565.97,1032,9.4215
358.12,2377.5,3.423
2905.1,1499.6,14.923
54.805,1724.8,11.541
4217.5,4639.7,5.4013
330.31,150.61,8.3391
2420.5,3600.2,5.1892
812.01,1881.1,12.361
2109.8,2940.1,1.1189
4315.3,1649.7,12.777
3282.1,4324.6,0.84791
4812.4,4274.8,18.294
1978.8,2740.5,7.2785
2059.6,217.07,2.3808
3896.3,2667.9,12.588
4510.3,4126.3,13.366
3346.6,2831.4,16.576
856.88,1096.2,15.624
1598.9,1616.7,16.792
1356,325.22,13.761
1154,1869.1,19.344
3512.5,1292.6,12.857
1547.4,1303,15.622
4869.3,2362.4,15.13
4312.2,474.17,14.637
3098.9,315.73,19.513
4397.2,4082.4,20.567
1535.6,342.24,6.9776
3131,1488.2,2.0113
3169.9,3937.9,17.109
1506,2281.9,14.483
2914.8,4550.9,3.6751
538.38,2753.4,10.204
3992,2146.1,19.926
4375.7,1995.3,2.929
3238.3,316.48,13.993
275.35,3581,4.1162
4692.8,3599.6,13.29
289.81,3705.9,13.168
1245.7,3446.9,9.3545
1875.6,1302.1,13.978
2067.6,49.35,9.4855
825.92,1750.5,18.065
4709.9,4480.8,15.005
640.22,3716.2,9.0908
3776.9,1469.9,13.156
3200.8,921.71,13.602
1533.1,814.78,18.832
578.59,378.95,21.078
4777.7,2184.9,15.451
4120.7,1358.1,10.73
760.99,1185.5,1.0379
1964.5,732.75,2.2957
2313.8,2354.1,18.207
3689.1,3642.9,19.43
4378.3,1957,14.248
4869.2,780.08,9.8076
3619.4,707.96,20.394
3114.6,4522.6,1.6953
4210.5,1762.1,8.1865
1890.2,797.31,0.34866
4493.4,4359.4,12.556
3943.8,4018.6,12.054
4544,3670.8,0.2603
2107.1,2460.9,12.512
352.93,2009.2,7.6413
4537.6,4313,0.53955
3063.7,904.18,20.759
3751.7,4627.8,2.8043
2902,4110.2,11.679
4972.6,3432.9,18.316
829.34,2345.8,14.479
3544.1,4439.7,0.74181
833.51,4911.8,9.338
396.65,161.68,9.3301
3170.4,4123.9,16.252
2757.4,3296.6,21.21
3861.4,2241.4,5.4617
274.41,2868.6,18.791
233.21,3989.6,1.0548
2912.5,3163.8,7.0355
3808.7,3948.5,15.476
926.3,297.8,10.579
2679.8,1947,11.596
2868.5,2101.2,4.7653
3024.7,3320.4,2.6088
203.96,3172.4,10.293
1350.6,4426.5,18.541
894.74,3057.5,13.607
2638.6,3076.7,9.5085
3675.4,4385.8,2.9093
4588.2,3834.3,2.9944
152.99,3750.5,20.844
4121.1,578.11,20.617
4237,1020.4,9.0982
2348.2,581.3,16.038
1851.6,4207.3,11.849
378.18,1907.9,16.051
849.79,2270.2,20.702
3359.8,369.44,0.88828
2950.6,125.82,7.4459
3338.9,4805.6,10.111
2251.3,791.97,3.7109
3959.7,4668.2,7.5499
2279,1183.8,18.847
4472.3,377.77,1.467
362.78,3362.8,1.9675
3177.2,421.64,4.3658
4043.1,310.84,13.05
1605.5,3475.8,5.8004
2680.4,10.295,15.863
4330.4,784.29,6.4854
2671.1,1372.8,16.238
3968.1,1576.1,5.3645
2931.2,3570.2,14.234
4407.5,2858.9,2.7983
2215.9,2576,19.992
465.82,2886.6,9.431
4647.5,24.714,7.5942
2092.9,1761.2,3.602
2633.5,2723.7,10.587
3454.7,460.32,9.5919
273.29,1361.6,1.4047
1702,2953.6,18.835
3963.9,23.137,19.257
32.726,153.75,16.603
271.01,1883.5,10.011
1370.4,827.58,16.889
1787.4,1531.1,18.575
3905.3,1349.9,14.261
944.22,1536,1.493
2032.4,2920.1,2.6404
3469.8,2692.6,9.0234
4147.4,3953.4,16.603
2730.9,1863.6,12.498
4561.7,3760,10.016
4588.1,3262.9,0.71676
3092.7,2759.7,3.8199
4552.4,4254.6,19.767
4469.3,2126.2,12.532
1726.5,2872,10.741
4981.9,3841.3,4.6338
4451.3,2697.6,20.196
1819.1,4921.4,7.6847
3914.5,527.93,9.7272
1641.6,1505,17.624
783.54,1899.3,16.773
3697.4,2363.6,9.3555
3158.7,1112.8,13.238
2999.5,1603.7,20.269
1202.8,1134.3,14.075
1411.7,108.79,5.6531
3993.7,77.367,15.34
2934.7,3919.2,11.902
1508.8,93.235,20.64
1480.6,4513.6,6.3825
1126,983.02,10.543
2527.2,3045.2,6.0236
2825.2,2614.4,1.5742
344.48,3533.7,2.3631
819.52,1766,1.5975
2552.6,3794.5,21.132
2707.7,2527.9,12.719
2550.2,3828.9,16.737
609.58,1812.7,18.27
778.75,4625.1,17.545
2045.7,4505.5,19.875
3468.3,2758.6,0.76057
3903.9,2605.1,2.9637
3181.8,895.12,15.389
2909,3044.6,18.5
4873.7,3639.8,7.9359
2648.2,4379.7,4.586
1441.9,2366.6,12.219
981.04,3761.1,0.54405
1076.9,905.24,0.92288
2188.3,106.68,19.801
2834.7,646.36,8.5203
4577.9,4300.3,16.651
1580.5,3983.5,5.1469
1405.1,937.96,12.909
3094.5,856.08,18.947
1102.2,3377.8,13.352
860.09,1999.5,19.604
82.088,4677.6,21.124
2581.7,2381.2,3.1839
12.081,2011.2,0.52602
2780,950.12,19.331
2778.7,1685.3,3.1395
368.66,2204.9,1.908
1984.5,689.92,15.182
3861,4901.7,3.7126
2862.7,2198.3,3.3882
2015.3,4019.2,10.16
2616.6,4088.3,20.126
1962.4,1157.6,15.72
335.13,3206.3,14.262
3892.6,1289,1.4922
3821.5,620.53,6.4935
2842.6,2035.3,19.873
3072.3,338.46,18.178
2944.4,548.8,18.898
3083.1,2647.8,12.486
1198.9,1057.5,3.449
3955.4,129.84,3.7345
3528.2,4970.6,15.858
3689.4,3723.2,20.053
692.09,4911.2,13.958
27.451,4756.9,11.536
3692.6,2358,12.678
4053.9,4937.7,4.9767
2823.6,4264.6,17.39
278.41,1545.4,16.727
1615.5,4758.7,12.496
4668.1,568.24,9.2545
4263.8,586.37,11.662
3433.9,3.4771,7.4876
836.19,1515.8,21.124
3398.3,1845.9,7.742
397.84,601.71,20.496
2805,3559.6,0.52483
2295.2,4787.6,16.5
3325.3,1611.4,9.3377
2170.6,3944.9,13.375
153.51,3357.4,6.6615
2212,548.07,19.555
2335.3,3619.8,4.7374
51.922,4413,7.9441
2967.8,2.4656,6.5367
1508.2,509.72,0.80234
4129.7,1851.9,12.838
4579.6,4573.4,17.731
1336.8,4994.9,12.479
1480.1,852.47,7.71
462.37,863.09,2.9674
3629.2,515.35,2.4721
3587.3,3030.7,20.815
3104.3,2059.5,11.491
1880.6,1278.9,1.8352
3153.4,1008.4,5.4326
2586.4,938.45,4.45
3251,4418.9,6.6739
4356.3,3157.1,19.171
1655.1,3112.1,11.046
2787.7,3291.3,3.4415
143.07,885.42,3.0465
1104.3,3129.2,1.3588
3927.9,4382.3,18.13
1454.5,891.01,20.671
285.92,3227.9,19.708
3494.5,4420.6,8.6872
3191.7,1252.6,19.126
3238.5,2931.1,10.278
4413,2434.4,9.9633
820.35,4195.4,3.5602
3333.3,258.38,1.7577
1916,3697.4,13.431
3466.1,2772.6,6.5969
1520.9,2147.4,9.8929
3248.2,3898.6,4.4775
1797.7,1983.3,0.030668
4564.3,1786.1,16.92
1943.9,3297.4,7.8075
3390.1,1970.9,0.32112
3763.3,892.39,15.167
996.97,271.48,4.6368
3391.6,1235.6,14.61
3955,4509.1,5.2186
3631.1,4912.2,5.6445
875.98,2420.5,2.8016
516.08,723.75,7.3018
4087.7,2558.3,16.003
4900.5,4967.6,18.864
3758.4,3812.8,15.071
4548.7,4830.1,5.2285
3042.6,4649.4,9.5754
2296,1182.5,19.754
229.57,487.61,13.06
2998.3,2048.9,5.4792
3907.1,655.86,13.388
4090.3,3772.8,14.754
1115.4,1740.5,8.5629
3664.5,2248.9,4.1044
3387.8,996.68,6.514
4860.5,3682.6,14.7
2058,1016.8,13.372
256.13,3840.8,5.2996
1576.4,1206.4,0.92112
1573.8,3068.7,11.274
2463.7,1728.9,3.7378
278.15,3613.2,11.071
474.91,586.12,18.483
1195.4,903.94,13.017
3912.2,969.32,5.7579
4344.2,1802.7,18.128
3119.9,2022,3.3402
1662.6,1128.9,5.5031
1356.2,3345.3,14.225
159.87,4786.1,4.7933
4346.7,2158.3,17.521
1238.2,4019.1,6.8751
4927.1,3990.9,10.36
637.93,4976.2,16.201
2664.8,1059,15.648
1893,1645.1,13.492
3918.9,3811.7,5.2851
4570.5,3783.8,15.577
1805.6,4806.4,7.202
4555.2,2849.5,6.4227
595.61,3042.5,2.6971
174.14,1825.5,0.21511
4522.5,1717.7,19.621
4653.7,2999.9,19.304
2950,2628.1,8.1066
282.24,2424.8,14.879
4410.8,3278.3,14.263
4247.6,191.26,2.7084
2843.7,949.61,4.2632
2302.9,4643.7,19.152
338.02,2914.9,18.919
1916.1,77.052,8.0118
3702,1468.4,5.3074
2611.6,226.3,12.785
2483.8,3973.7,13.268
4151,3556.8,0.41754
83.881,2681.8,17.389
1320.3,2934,10.987
709.51,1054.7,19.292
164.85,2069.6,2.5164
1446.6,2579.1,20.071
4469.3,4191.7,19.666
815.52,3299.6,2.0111
4944.9,2405.9,8.8089
656.51,4263.8,6.8489
2336.5,2407.6,17.952
1850.8,1361.5,20.109
3287.8,3656,15.469
4367.8,4847.3,14.507
1474.4,1878.1,13.606
1364.1,1193,6.7009
404.46,1213.5,15.531
931.73,94.697,3.3442
3800,4913.3,16.124
4548,4013.1,1.9497
3223.1,2817.4,20.527
2587.2,1944.1,12.918
3508,3262.6,18.985
225.37,4968.5,4.1185
4451.3,3568.8,20.96
3363.1,511.83,5.1191
824.37,2236.4,4.7395
2512.8,3464,8.5277
2659.1,1664.8,16.566
3120,4608.7,17.802
4822.8,3162.5,8.6868
2845.9,4660.9,8.5362
2888.4,2129.6,16.371
4687.4,1502.4,5.2847
307.8,4445.1,18.365
3295,86.869,14.471
496.99,740.28,20.734
3043.3,4795.8,3.9356
4021.8,3572.3,4.5859
161.58,1532.3,6.6381
2609.7,4140.5,15.953
1488.2,4039.5,7.8009
3303.2,4546.3,12.822
2988.6,3214.1,8.1339
307.74,3143.4,11.678
4455.8,592.36,8.1765
4766.7,4594.9,14.116
904.38,3119.9,0.31213
367.73,1287.9,17.249
4940.2,4756.5,7.4216
2139.5,231.03,15.178
3794.9,104.64,20.341
4615.8,440.25,10.764
4360.6,2589.2,14.132
4816.8,4393.3,9.1103
1483.8,2010.9,18.021
3550.2,2806.6,13.878
4505.5,2990.8,10.697
4371,375.25,7.8174
4143,1957.5,14.536
176.05,1774.9,2.1045
4530.7,1223.9,1.0107
3139.7,540.14,18.441
2863,561.45,13.828
3690.9,1336,12.95
2541.1,1332,8.9508
4324.1,4680.4,10.685
701.19,930.88,3.482
3285.7,2537.2,1.9765
2965,737.97,14.538
2566.8,4603.5,3.0265
1223.1,4647.3,11.216
4867.5,683.76,0.07579
4581.1,4357.8,9.0168
3260,61.776,4.759
552.51,3610.2,13.999
2573.1,4392.9,10.672
2405.3,1937.2,12.729
340.86,1232.2,4.2463
1944.2,558.62,2.9147
4026,4233.9,0.50464
3933.3,3298.3,19.931
599.89,3898.3,14.754
2059.9,1792.8,11.757
3990.3,920.68,6.2667
1263.6,50.898,0.90436
2937.4,429.57,18.111
183.67,1647.3,12.658
3408.2,1504.2,0.39301
4134.1,2532.9,19.796
3499.6,1933,0.20764
1758.9,4686.5,13.597
2445.7,797.71,16.731
1420.6,3898.5,11.169
1329.9,887.31,6.1783
3824.6,4026.5,13.329
2921.9,2811.9,9.0256
2692.8,2350.4,11.59
4953.4,1798.1,4.0474
3845.8,1858.9,15.793
2930.5,1914.4,4.5154
3954.3,1281.5,2.1239
2744.6,4860.2,19.015
382.1,3302.8,17.444
2371.6,2526.4,18.727
4248.6,990.1,1.8694
2015.4,521.92,14.853
1184,4442.1,3.611
2707.4,1814.8,17.672
1844.5,2268.6,15.444
3792.6,323.97,16.459
3845.2,4253.8,16.196
1731.5,1397.2,1.2113
4837.3,4559.6,12.937
1779,298.85,19.059
965.97,3079.8,10.949
455.28,2819.7,10.738
1566.2,3341.3,5.4224
4791.7,1677.2,20.611
3192.3,188.97,12.327
1040.7,1428.9,20.543
1665.6,4656.2,0.87904
1715.1,3999.3,4.0014
4474.2,1655.4,11.026
2520.8,3687.1,13.595
2811.1,2837.2,7.228
3946.7,80.318,13.753
1754.6,2127.6,7.54
1100.9,146.89,18.04
4114.2,3920.9,11.515
380.21,4904.1,14.278
410.93,3449.7,5.4427
1548.6,3898.4,2.574
4277.5,2989.9,0.86139
2371.5,1423,18.836
1621.2,3731.3,15.978
2300.2,3469.4,17.015
3370.9,2212.6,9.3636
2870.3,2095.6,1.5947
4214.1,753.86,3.2717
379.11,2701.5,5.2448
1299.2,981.8,1.6806
3437.8,3745.9,18.098
2162.5,3578.3,3.3342
1618.6,3522.5,13.081
230.36,3681.4,11.21
1551.8,3283.4,4.0564
2133.1,4455.5,16.117
3077.9,2455.4,13.046
1215.1,1708.9,3.2258
4223.6,4813.5,9.6443
4414,624.72,14.469
4641.3,1043.1,5.9664
2813.2,774.85,13.255
1514.9,4038,19.977
3850.7,336.83,12.024
2536.1,2453,14.703
3062.9,2992.1,20.759
3432.9,1825.1,19.073
419.53,3442.8,13.756
3570.5,4284.5,20.851
1491.9,4503.2,3.475
1166,4757.5,10.814
1587.2,4500.2,13.308
1410.1,32.685,16.971
1252.8,209.66,8.8622
617.72,4354.5,1.1632
3340.7,2222,11.013
1392,2212.7,2.8539
1237.8,1653,7.7847
2843.8,4698.4,14.778
256.74,3564.2,2.7489
4115.8,4694.5,16.67
184.73,2654.8,1.0672
1335.9,109.01,17.302
1510.9,4102,18.391
3311.5,1437.5,4.1768
3128.8,4336.9,12.885
3561.7,4301.1,21.143
1379.2,2753.2,0.8989
4980.4,2286.2,2.9449
1502.2,4250.1,4.7296
2506.3,1738.9,12.368
661.61,1192.3,14.236
4487.8,254.69,15.341
1189.7,674.79,10.701
335.45,2890.7,13.675
1828.1,4521.8,0.77151
4945,3855.8,4.1122
1060.1,3520.7,15.9
1437.7,2112.1,6.5375
2522.9,4789.3,15.89
3152.8,3777.9,18.074
1965.9,1830,2.1076
3399.8,2753.1,12.681
650.17,1107.1,15.286
351.19,1279.7,12.064
226.92,3676.3,4.9874
2769.6,1577.7,19.318
4454.1,2112,20.166
2929,3742.2,10.953
2657.7,1765.4,15
3220.2,2232.3,16.945
2037.5,169.68,4.2361
1306.9,3640.1,2.2664
3046.1,3106.9,13.122
3163.9,628.97,0.47144
3796.4,1077.3,0.79681
1169.5,1541.9,2.4472
1443.6,154.76,17.367
113.49,1007.3,7.9952
1457.2,337.15,4.8611
1770.4,0.76125,7.8094
3248.2,3182.1,3.7026
3038,4013.8,16.436
3780.8,1971.7,7.001
4421.8,1313.7,6.6987
4477.5,1419.1,15.371
390.38,3568.2,12.409
2629.4,970.72,16.499
225.73,2900.4,7.6278
3983.1,1237.4,3.9188
1574.2,4679.5,12.17
1177.5,2822.8,10.248
1337.2,4398,8.9441
711.92,4963.4,6.7315
969.26,4731.3,20.631
4166.9,2391.9,5.4777
3725.5,624.97,12.03
3719.3,320.78,7.4685
1329.7,1933.3,6.6191
567.09,2791.2,0.19935
244.9,4612.1,14.173
1380.6,4671.5,18.788
3286.8,4124.1,8.9375
3133.5,917.91,18.213
2870.5,1965.5,20.11
1001.8,4563.9,7.9784
2046.9,2670.9,4.3125
1421.6,2257.3,3.8008
4170.4,1428,6.4975
3786.8,3113.9,18.038
4329.5,908.86,11.15
2084.7,4635.7,17.574
3712.6,3569.9,2.2672
349.68,4161.8,13.092
4792.3,2482.4,12.024
3436,4816.1,5.5353
1300.2,4216.6,0.048962
3678.1,569.49,6.0936
2393.1,4680.9,17.422
4356.9,3441.8,18.988
1612.8,1535.6,21.124
2805.1,4303.3,0.17901
1229.3,4742.3,15.546
672.44,3409.2,1.795
1188.1,2816,13.435
1818.4,749.87,17.078
3440.4,4931.1,17.606
195.1,4075.1,12.033
3443.7,4561.1,5.5164
1304.1,3419.8,16.642
4282.9,1515.2,3.5894
2730.6,3659,5.8179
2302.5,1381.1,0.10401
763.33,3076.2,8.4335
1278.9,1474.3,0.56324
1958.2,2591.4,18.131
4823,3694.6,4.3464
2597.1,3720.1,18.251
604.42,2017.3,1.1906
4574.5,804.64,4.7414
2283,112,0.96054
4523.4,529.39,15.931
1459.5,4660,14.808
3910.9,3077.7,19.49
279.53,3166.4,19.281
1065.2,33.436,17.088
3882.7,1074.3,21.206
3484.1,405.02,16.987
4539.4,807.32,6.8501
3044.4,459.02,0.5334
2722.8,670.67,15.546
3765.6,358.98,10.029
4386.3,1344.2,8.3281
4468.9,200.33,18.244
4279.2,3720.4,1.2189
3416.2,4724.2,8.1574
2038.1,1106.8,3.0089
239.28,3002.8,0.96905
1192.1,2180.5,14.807
69.796,867.8,19.379
1908.5,974.47,8.1362
4535.6,945.6,5.1572
1518,4649.5,19.242
4336.6,2452.7,14.892
735.86,3981.6,18.999
1549.6,924,20.11
2091.2,1138.9,19.87
1050.9,4249,21.145
3837.3,2471.4,8.4204
1212.7,4928.7,13.999
4430.7,861.13,17.457
1487.7,4750.5,13.202
953.39,1911.7,14.86
3620.6,2238.2,10.384
4784.1,1799.5,10.794
4507.3,722.34,16.54
3502.9,4083.2,0.85883
4067.4,908.56,19.113
4332.1,4164.9,15.529
4441.1,2031.5,13.063
1152.3,2107.3,16.02
3132.4,2666.3,6.0345
1219.7,2151.6,4.3752
2213.4,12.107,13.835
3913.9,3323.3,19.688
3579.1,1283.9,17.068
1223.2,2959.6,7.4339
3689.2,1789.2,5.7316
4539.1,2740.3,15.796
4211.2,3903.4,15.337
4857.3,2794.4,18.174
714.3,1508.5,19.491
4284.6,2303.1,5.7065
3810.3,4604.6,14.598
3801.3,4430.9,13.11
2297.1,4397.4,1.5179
1920.4,4851.7,3.9965
537.14,3761.5,7.1185
2277.4,77.716,6.5983
736.23,4961.7,8.9139
1468,2278.8,1.8612
1902.1,2602.5,11.877
4622.7,444.47,14.162
967.34,3925.5,2.4459
3275.3,3588.5,6.6962
1971.1,2727,20.806
967.43,3720.7,18.792
158.68,3436.6,0.48278
4009.1,3056.5,18.313
1566.6,411.71,5.1971
3734.7,1885,9.1981
2953.2,2024.8,2.8718
1482.1,3436.9,4.5736
4077.5,2025.1,16.434
4462.6,2772.3,1.8495
2947.9,3091.3,8.4933
4075.9,2087.3,12.518
2775.6,4224.4,4.1689
4072.9,2757.5,14.782
191.77,4065.7,12.579
4242.4,1577,9.847
572.43,4296.8,5.1157
755.87,1086.8,8.7562
3640.2,576.78,16.345
1009.9,429.36,0.74965
3690,773.16,12.888
4335.9,4010.9,1.6859
1045.2,4822.4,8.8115
3643.8,983.96,20.905
3066.5,3890.2,17.875
2564.9,132.41,1.1116
4796.7,569.39,15.433
922.22,933.11,2.4386
1003.7,4627,10.296
3295.6,2748.5,18.426
3695.5,155.87,0.35434
1871.8,4382.8,17.372
4880.4,4751.1,16.628
176.06,2414,4.1092
1641.2,2164.5,19.364
3254.8,3099,14.503
196.75,1151.3,18.846
678.11,3502.7,15.122
1193.7,4905,10.286
4296.8,817.58,17.675
4572.4,3153.9,1.925
38.038,3209,0.54076
1230.9,3182.6,7.1219
3048.6,4936.1,10.329
4922.6,1934.6,4.7807
4896.6,1308.6,11.767
3096,2289,14.449
4741.6,571.87,17.712
1868.8,1790.5,19.004
1137.8,3926.7,9.2829
2840.9,1525.6,8.478
2800.4,3653.4,9.3364
1405.5,3225.4,6.5682
4361,4196.8,9.4813
4228.2,2603.1,20.458
3239.9,1907,9.8079
3618.3,3096.2,10.522
1333.7,3023.8,0.45693
609.96,2677.8,4.079
754.26,3650.6,19.052
3339.5,1881.6,8.2581
1682.8,608.71,2.1647
3088.4,1834.6,7.4182
3876.6,4053.9,3.7875
3664.7,4488.5,5.284
3681.4,1733.6,13.597
299.5,79.515,20.699
1135.3,143.92,19.53
2331.4,4248.2,1.1414
4494.8,4697.8,19.157
2721.2,3813.5,4.0305
285.68,4829,21.057
3972.5,2463.6,6.9261
3874.2,2774.7,4.8269
2545.1,3261.2,20.019
128.76,4865.6,17.201
4877.6,4518.6,19.61
1211.8,125.22,15.242
4505.1,2871.6,18.652
2241.9,3646.9,18.351
313.97,758.35,7.5821
496.3,247.41,2.8909
1842.5,2674.7,17.093
2567.7,199.34,14.449
1900.4,2499.9,9.1511
8.483,1051.7,20.091
3587.9,2380,20.177
1725.4,3270.2,0.68053
3281.9,244.86,5.8584
846.67,4291.6,1.4373
3105.8,197.54,17.542
2123.1,3202.8,8.4073
3385.4,2532.2,12.329
894.05,2885.6,7.2875
4437.3,4395.3,20.602
799.67,921.77,12.8
489.23,1007.3,14.163
3807.2,659.8,18.314
4470.4,4111,8.9114
1238.6,3676.7,1.5573
2986.2,4467.4,18.485
383.09,798.42,14.736
1332.7,2111.5,17.849
4231.6,3144.5,14.345
3420.3,2983.9,14.879
2437.1,1478.7,18.995
1783.9,3910.1,12.461
1066.7,1908.9,6.8984
1144.2,4923.9,21.104
3823.9,1025.6,4.4026
1980.7,3898.8,6.0723
4113.3,4225.1,17.673
2625.1,2306.4,16.339
513.69,3395.6,4.2549
241.91,3985.8,16.223
4694.4,1177.9,13.066
3073.7,3761.1,20.455
4959.5,4600.3,10.685
2383.9,4973.2,10.155
4913.3,4414.8,12.425
2860.3,2517,20.78
1162.5,29.401,7.4055
585.09,75.432,5.5367
651.88,479.68,12.515
3709.1,3934.8,15.812
691.57,2768,1.7391
935.76,3597.6,7.954
1982.4,1142.4,1.8457
1680,63.459,6.749
2293.6,601.12,9.6145
514.58,3164.9,3.417
852.34,76.054,1.27
3207,4701.3,9.437
3938.4,4997.8,6.0516
1861.8,1891.1,4.2252
1533,4476,10.815
4488.2,2950.3,0.4132
3622,4175.3,17.609
2033.5,2411.7,4.2508
931.82,297.21,9.0488
257.92,2301.7,15.551
4719.8,1593.6,11.175
2103.1,4550.8,5.7127
2980.7,4489.3,16.288
2567.7,3255.8,20.246
4479.1,1230.3,2.4965
929.16,1170.1,0.52796
